#CId	PlId	SegId	UorD	Type	nParam	p0	p1	p2
1	0	0	0	1	3	9.85405599546596	-0.6276587208991992	6.70797633014656
1	0	1	0	1	3	9.85405599546596	-0.6276587208991992	6.70797633014656
1	0	2	0	1	3	9.85405599546596	-0.6276587208991992	6.70797633014656
1	0	3	0	1	3	9.85405599546596	-0.6276587208991992	6.70797633014656
1	0	4	0	1	3	9.85405599546596	-0.6276587208991992	6.70797633014656
1	0	5	0	1	3	9.85405599546596	-0.6276587208991992	6.70797633014656
1	0	6	0	1	3	9.85405599546596	-0.6276587208991992	6.70797633014656
1	0	7	0	1	3	9.85405599546596	-0.6276587208991992	6.70797633014656
1	0	8	0	1	3	9.85405599546596	-0.6276587208991992	6.70797633014656
1	0	9	0	1	3	9.85405599546596	-0.6276587208991992	6.70797633014656
1	0	10	0	1	3	9.85405599546596	-0.6276587208991992	6.70797633014656
1	0	11	0	1	3	9.85405599546596	-0.6276587208991992	6.70797633014656
1	0	12	0	1	3	9.85405599546596	-0.6276587208991992	6.70797633014656
1	0	13	0	1	3	9.85405599546596	-0.6276587208991992	6.70797633014656
1	0	14	0	1	3	1.5229456595702406	0.33384794972234655	1.4526311464544936
1	0	15	0	1	3	2.4689112091969307	0.24393174722123856	2.2527270915662294
1	0	16	0	1	3	14.350115197031805	-0.8254015821760978	9.999999998545993
1	0	17	0	1	3	1.7742362025478022	0.2813219265884097	1.4806485415322532
1	0	18	0	1	3	14.999999427375764	-0.9948269503049385	9.984925790940641
1	0	19	0	1	3	5.570332997190265	-0.1998998300586292	4.44781924896772
1	0	20	0	1	3	13.80723630704932	-0.683629183716322	9.999999249001135
1	0	21	0	1	3	11.976579712334198	-0.8362201892689756	8.172566554798266
1	0	22	0	1	3	3.5603717312563856	0.2632232015372642	3.5068202890726843
1	0	23	0	1	3	7.250564988725924	-0.3120879189696044	5.717238915822089
1	0	24	0	1	3	7.855638220727251	-0.2290025299766585	6.419026616233502
1	0	25	0	1	3	7.204950488669885	-0.2834101866831631	5.706825485130356
1	0	26	0	1	3	14.139712093914087	-1.032539368267268	9.24386232498865
1	0	27	0	1	3	5.008351808474587	-0.05228505782323278	4.239424672692133
1	0	28	0	1	3	14.99999778330012	-1.1467742699016275	9.575728791402405
1	0	29	0	1	3	14.999999994365613	-1.6519204094205713	8.559742524850355
1	0	30	0	1	3	2.503807258072286	0.4565852124934402	2.747288223642296
1	0	31	0	1	3	8.778227621238893	-0.4769915966056839	6.602621931191796
1	0	32	0	1	3	6.635333943268227	-0.2675650182331477	5.273961998193971
1	0	33	0	1	3	14.920644694792632	-0.9857714940575768	9.999999547602684
1	0	34	0	1	3	14.999999999999217	-1.1568237573112605	9.622037074534344
1	0	35	0	1	3	5.246478428936281	-0.07736359955856287	4.455149535038527
1	0	36	0	1	3	13.615228981430604	-1.018424183096069	8.956030487682504
1	0	37	0	1	3	14.99999995210694	-1.201562365017896	9.502449107704226
1	0	38	0	1	3	11.859260342342235	-0.8735392062618184	8.066614893188715
1	0	39	0	1	3	3.072209528508929	0.1826733750028522	2.8003927836690545
1	0	40	0	1	3	14.999999964084171	-1.0676107980969798	9.860566191710625
1	0	41	0	1	3	14.999999988439086	-1.3985797273788432	9.145381239574698
1	0	42	0	1	3	14.999999891409097	-1.2425814195817226	9.435127573583927
1	0	43	0	1	3	2.8757693441365704	0.14423564811949152	2.5384191900485225
1	0	44	0	1	3	13.830787195692475	-1.185151461171801	8.790800416882298
1	0	45	0	1	3	14.838965032196617	-1.1990525497253652	9.441348363923147
1	0	46	0	1	3	14.91394300886415	-1.3231885134247396	9.22499766739874
1	0	47	0	1	3	1.9682690162518728	0.18546309951392903	1.622546831465372
1	0	48	0	1	3	3.051208176573192	0.0020822366149229055	2.508423148199755
1	0	49	0	1	3	14.999999905836376	-2.017640808289466	8.069089630351476
1	0	50	0	1	3	14.999995736330476	-1.5768930957062421	8.771891137837157
1	0	51	0	1	3	9.85405599546596	-0.6276587208991992	6.70797633014656
1	0	52	0	1	3	9.85405599546596	-0.6276587208991992	6.70797633014656
1	0	53	0	1	3	9.85405599546596	-0.6276587208991992	6.70797633014656
1	0	54	0	1	3	9.85405599546596	-0.6276587208991992	6.70797633014656
1	0	55	0	1	3	9.85405599546596	-0.6276587208991992	6.70797633014656
1	0	56	0	1	3	9.85405599546596	-0.6276587208991992	6.70797633014656
1	0	57	0	1	3	9.85405599546596	-0.6276587208991992	6.70797633014656
1	0	58	0	1	3	9.85405599546596	-0.6276587208991992	6.70797633014656
1	0	59	0	1	3	9.85405599546596	-0.6276587208991992	6.70797633014656
1	0	60	0	1	3	9.85405599546596	-0.6276587208991992	6.70797633014656
1	0	61	0	1	3	9.85405599546596	-0.6276587208991992	6.70797633014656
1	0	62	0	1	3	9.85405599546596	-0.6276587208991992	6.70797633014656
1	0	0	1	1	3	11.865898132738668	-0.8582497582109319	7.83242029492924
1	0	1	1	1	3	11.865898132738668	-0.8582497582109319	7.83242029492924
1	0	2	1	1	3	11.865898132738668	-0.8582497582109319	7.83242029492924
1	0	3	1	1	3	11.865898132738668	-0.8582497582109319	7.83242029492924
1	0	4	1	1	3	11.865898132738668	-0.8582497582109319	7.83242029492924
1	0	5	1	1	3	11.865898132738668	-0.8582497582109319	7.83242029492924
1	0	6	1	1	3	11.865898132738668	-0.8582497582109319	7.83242029492924
1	0	7	1	1	3	11.865898132738668	-0.8582497582109319	7.83242029492924
1	0	8	1	1	3	11.865898132738668	-0.8582497582109319	7.83242029492924
1	0	9	1	1	3	11.865898132738668	-0.8582497582109319	7.83242029492924
1	0	10	1	1	3	11.865898132738668	-0.8582497582109319	7.83242029492924
1	0	11	1	1	3	11.865898132738668	-0.8582497582109319	7.83242029492924
1	0	12	1	1	3	11.865898132738668	-0.8582497582109319	7.83242029492924
1	0	13	1	1	3	11.865898132738668	-0.8582497582109319	7.83242029492924
1	0	14	1	1	3	1.842056733019819	0.26448231238288855	1.7258336732005373
1	0	15	1	1	3	14.999992127360464	-1.2544263668933828	9.429403080090403
1	0	16	1	1	3	14.827653051575524	-1.7271402076952969	8.350783612868566
1	0	17	1	1	3	14.988830972049797	-0.9899127265674883	9.9999808610238
1	0	18	1	1	3	14.187766697606286	-1.1526704838874084	9.036735928438338
1	0	19	1	1	3	5.27743650960077	0.052778569339565706	4.802304629295332
1	0	20	1	1	3	14.999999927013878	-1.064592996871594	9.82531483299326
1	0	21	1	1	3	14.99999931598209	-1.378782918207754	9.08478583215421
1	0	22	1	1	3	14.999999701558247	-1.2742357976715115	9.297357002760045
1	0	23	1	1	3	10.814374277198034	-0.6983989328415987	7.673629560071795
1	0	24	1	1	3	14.999999482519904	-1.230458178733167	9.40233833780957
1	0	25	1	1	3	8.943163623489289	-0.4573734495939652	6.740084016424788
1	0	26	1	1	3	13.047906643432327	-1.0446625830583836	8.459905700834732
1	0	27	1	1	3	5.301018804275508	-0.16991804044926173	4.253020681891032
1	0	28	1	1	3	14.999995625701713	-1.126899174528547	9.637600428316171
1	0	29	1	1	3	1.7183633174030262	0.5478879022817722	1.9076640948669432
1	0	30	1	1	3	8.331954720266287	-0.5002147424952019	6.158635141018627
1	0	31	1	1	3	14.999999992641786	-1.124786660241765	9.669965458143775
1	0	32	1	1	3	4.5812001018185855	-0.07977068403399734	3.7781789059947446
1	0	33	1	1	3	14.999999886622932	-1.2318728634770522	9.448062892569911
1	0	34	1	1	3	10.069658999323568	-0.7221731293929841	7.067192822282545
1	0	35	1	1	3	14.85477212627602	-0.9710135597669742	9.99999994493359
1	0	36	1	1	3	14.952460252732681	-1.3414778274950456	9.146124966253215
1	0	37	1	1	3	14.239368162352905	-0.8347612549807444	9.94249609040093
1	0	38	1	1	3	3.287834674886861	0.20565353128122776	3.077227878818495
1	0	39	1	1	3	14.997307392119465	-1.0887911894010465	9.7741186729477
1	0	40	1	1	3	14.880982477245606	-1.2414753816343507	9.369588916450738
1	0	41	1	1	3	14.999999984235668	-1.127590464897493	9.740533786809213
1	0	42	1	1	3	13.482994014386486	-1.0921409529823762	8.758850072569558
1	0	43	1	1	3	14.98669575209055	-1.1278337532099623	9.701853011047243
1	0	44	1	1	3	14.999999980395028	-1.3488137723693603	9.236390825446303
1	0	45	1	1	3	14.99999993278966	-1.201481939423378	9.561094346395647
1	0	46	1	1	3	12.454556671403392	-0.9538160074320077	8.367573529026807
1	0	47	1	1	3	11.511547644839084	-0.8775001180187258	7.836959917106567
1	0	48	1	1	3	2.478187661061373	0.1214399749677888	2.1044882476285274
1	0	49	1	1	3	12.980156083584188	-1.3159703987166744	7.932530434728832
1	0	50	1	1	3	14.999997590471898	-1.196526787089223	9.500942778769392
1	0	51	1	1	3	11.865898132738668	-0.8582497582109319	7.83242029492924
1	0	52	1	1	3	11.865898132738668	-0.8582497582109319	7.83242029492924
1	0	53	1	1	3	11.865898132738668	-0.8582497582109319	7.83242029492924
1	0	54	1	1	3	11.865898132738668	-0.8582497582109319	7.83242029492924
1	0	55	1	1	3	11.865898132738668	-0.8582497582109319	7.83242029492924
1	0	56	1	1	3	11.865898132738668	-0.8582497582109319	7.83242029492924
1	0	57	1	1	3	11.865898132738668	-0.8582497582109319	7.83242029492924
1	0	58	1	1	3	11.865898132738668	-0.8582497582109319	7.83242029492924
1	0	59	1	1	3	11.865898132738668	-0.8582497582109319	7.83242029492924
1	0	60	1	1	3	11.865898132738668	-0.8582497582109319	7.83242029492924
1	0	61	1	1	3	11.865898132738668	-0.8582497582109319	7.83242029492924
1	0	62	1	1	3	11.865898132738668	-0.8582497582109319	7.83242029492924
3	0	0	0	1	3	2.9912361940647894	-0.5436738423848382	1.6842863949488234
3	0	1	0	1	3	2.9912361940647894	-0.5436738423848382	1.6842863949488234
3	0	2	0	1	3	2.9912361940647894	-0.5436738423848382	1.6842863949488234
3	0	3	0	1	3	3.2553669930735736	-0.7176812179391501	1.7957212611280422
3	0	4	0	1	3	2.884536620094856	-0.5028642249580448	1.648498440365827
3	0	5	0	1	3	2.5969224241004984	-0.41010803621925174	1.4996629729286686
3	0	6	0	1	3	3.6745957430102254	-0.6705467428283134	2.0274790407647756
3	0	7	0	1	3	2.5001523462057236	-0.3619600490503032	1.4840277336162742
3	0	8	0	1	3	3.691427895573513	-0.8269068597034144	1.9715160705764814
3	0	9	0	1	3	2.335651336395135	-0.3156497659953894	1.3630992452616955
3	0	10	0	1	3	2.9912361940647894	-0.5436738423848382	1.6842863949488234
3	0	11	0	1	3	2.9912361940647894	-0.5436738423848382	1.6842863949488234
3	0	12	0	1	3	2.9912361940647894	-0.5436738423848382	1.6842863949488234
3	0	13	0	1	3	2.9912361940647894	-0.5436738423848382	1.6842863949488234
3	0	14	0	1	3	2.9912361940647894	-0.5436738423848382	1.6842863949488234
3	0	0	1	1	3	2.5179199424201304	-0.40232746139842074	1.407019754332786
3	0	1	1	1	3	2.5179199424201304	-0.40232746139842074	1.407019754332786
3	0	2	1	1	3	2.5179199424201304	-0.40232746139842074	1.407019754332786
3	0	3	1	1	3	2.311703277436977	-0.27899297840035775	1.3560821866923534
3	0	4	1	1	3	2.451613047746632	-0.3751681548671453	1.354402103835402
3	0	5	1	1	3	2.9198607813838593	-0.5464826451650282	1.6635790567024653
3	0	6	1	1	3	2.8617861186799747	-0.5856659794281489	1.4950717843777213
3	0	7	1	1	3	1.8421200569229337	-0.23189554111071864	0.9983770317615877
3	0	8	1	1	3	2.838531187765923	-0.4614455391899108	1.6044599432703697
3	0	9	1	1	3	2.399825127004612	-0.3366413916276354	1.3771661736896035
3	0	10	1	1	3	2.5179199424201304	-0.40232746139842074	1.407019754332786
3	0	11	1	1	3	2.5179199424201304	-0.40232746139842074	1.407019754332786
3	0	12	1	1	3	2.5179199424201304	-0.40232746139842074	1.407019754332786
3	0	13	1	1	3	2.5179199424201304	-0.40232746139842074	1.407019754332786
3	0	14	1	1	3	2.5179199424201304	-0.40232746139842074	1.407019754332786
5	0	0	0	1	3	0.000000e+00	0.000000e+00	0.000000e+00
5	0	1	0	1	3	0.000000e+00	0.000000e+00	0.000000e+00
5	0	2	0	1	3	0.000000e+00	0.000000e+00	0.000000e+00
5	0	3	0	1	3	0.000000e+00	0.000000e+00	0.000000e+00
5	0	4	0	1	3	0.000000e+00	0.000000e+00	0.000000e+00
5	0	5	0	1	3	0.000000e+00	0.000000e+00	0.000000e+00
5	0	6	0	1	3	0.000000e+00	0.000000e+00	0.000000e+00
5	0	7	0	1	3	0.000000e+00	0.000000e+00	0.000000e+00
5	0	8	0	1	3	0.000000e+00	0.000000e+00	0.000000e+00
5	0	9	0	1	3	0.000000e+00	0.000000e+00	0.000000e+00
5	0	10	0	1	3	0.000000e+00	0.000000e+00	0.000000e+00
5	0	11	0	1	3	0.000000e+00	0.000000e+00	0.000000e+00
5	0	12	0	1	3	0.000000e+00	0.000000e+00	0.000000e+00
5	0	13	0	1	3	0.000000e+00	0.000000e+00	0.000000e+00
5	0	14	0	1	3	0.000000e+00	0.000000e+00	0.000000e+00
5	0	15	0	1	3	0.000000e+00	0.000000e+00	0.000000e+00
5	0	16	0	1	3	0.000000e+00	0.000000e+00	0.000000e+00
5	0	17	0	1	3	0.000000e+00	0.000000e+00	0.000000e+00
5	0	18	0	1	3	0.000000e+00	0.000000e+00	0.000000e+00
5	0	19	0	1	3	0.000000e+00	0.000000e+00	0.000000e+00
5	0	20	0	1	3	0.000000e+00	0.000000e+00	0.000000e+00
5	0	21	0	1	3	0.000000e+00	0.000000e+00	0.000000e+00
5	0	22	0	1	3	0.000000e+00	0.000000e+00	0.000000e+00
5	0	23	0	1	3	0.000000e+00	0.000000e+00	0.000000e+00
5	0	24	0	1	3	0.000000e+00	0.000000e+00	0.000000e+00
5	0	25	0	1	3	0.000000e+00	0.000000e+00	0.000000e+00
5	0	26	0	1	3	0.000000e+00	0.000000e+00	0.000000e+00
5	0	27	0	1	3	0.000000e+00	0.000000e+00	0.000000e+00
5	0	28	0	1	3	0.000000e+00	0.000000e+00	0.000000e+00
5	0	29	0	1	3	0.000000e+00	0.000000e+00	0.000000e+00
5	0	30	0	1	3	0.000000e+00	0.000000e+00	0.000000e+00
5	0	31	0	1	3	0.000000e+00	0.000000e+00	0.000000e+00
5	0	32	0	1	3	0.000000e+00	0.000000e+00	0.000000e+00
5	0	33	0	1	3	0.000000e+00	0.000000e+00	0.000000e+00
5	0	0	1	1	3	0.000000e+00	0.000000e+00	0.000000e+00
5	0	1	1	1	3	0.000000e+00	0.000000e+00	0.000000e+00
5	0	2	1	1	3	0.000000e+00	0.000000e+00	0.000000e+00
5	0	3	1	1	3	0.000000e+00	0.000000e+00	0.000000e+00
5	0	4	1	1	3	0.000000e+00	0.000000e+00	0.000000e+00
5	0	5	1	1	3	0.000000e+00	0.000000e+00	0.000000e+00
5	0	6	1	1	3	0.000000e+00	0.000000e+00	0.000000e+00
5	0	7	1	1	3	0.000000e+00	0.000000e+00	0.000000e+00
5	0	8	1	1	3	0.000000e+00	0.000000e+00	0.000000e+00
5	0	9	1	1	3	0.000000e+00	0.000000e+00	0.000000e+00
5	0	10	1	1	3	0.000000e+00	0.000000e+00	0.000000e+00
5	0	11	1	1	3	0.000000e+00	0.000000e+00	0.000000e+00
5	0	12	1	1	3	0.000000e+00	0.000000e+00	0.000000e+00
5	0	13	1	1	3	0.000000e+00	0.000000e+00	0.000000e+00
5	0	14	1	1	3	0.000000e+00	0.000000e+00	0.000000e+00
5	0	15	1	1	3	0.000000e+00	0.000000e+00	0.000000e+00
5	0	16	1	1	3	0.000000e+00	0.000000e+00	0.000000e+00
5	0	17	1	1	3	0.000000e+00	0.000000e+00	0.000000e+00
5	0	18	1	1	3	0.000000e+00	0.000000e+00	0.000000e+00
5	0	19	1	1	3	0.000000e+00	0.000000e+00	0.000000e+00
5	0	20	1	1	3	0.000000e+00	0.000000e+00	0.000000e+00
5	0	21	1	1	3	0.000000e+00	0.000000e+00	0.000000e+00
5	0	22	1	1	3	0.000000e+00	0.000000e+00	0.000000e+00
5	0	23	1	1	3	0.000000e+00	0.000000e+00	0.000000e+00
5	0	24	1	1	3	0.000000e+00	0.000000e+00	0.000000e+00
5	0	25	1	1	3	0.000000e+00	0.000000e+00	0.000000e+00
5	0	26	1	1	3	0.000000e+00	0.000000e+00	0.000000e+00
5	0	27	1	1	3	0.000000e+00	0.000000e+00	0.000000e+00
5	0	28	1	1	3	0.000000e+00	0.000000e+00	0.000000e+00
5	0	29	1	1	3	0.000000e+00	0.000000e+00	0.000000e+00
5	0	30	1	1	3	0.000000e+00	0.000000e+00	0.000000e+00
5	0	31	1	1	3	0.000000e+00	0.000000e+00	0.000000e+00
5	0	32	1	1	3	0.000000e+00	0.000000e+00	0.000000e+00
5	0	33	1	1	3	0.000000e+00	0.000000e+00	0.000000e+00
8	0	0	0	1	3	0.000000e+00	0.000000e+00	0.000000e+00
8	0	1	0	1	3	0.000000e+00	0.000000e+00	0.000000e+00
8	0	2	0	1	3	0.000000e+00	0.000000e+00	0.000000e+00
8	0	3	0	1	3	0.000000e+00	0.000000e+00	0.000000e+00
8	0	4	0	1	3	0.000000e+00	0.000000e+00	0.000000e+00
8	0	5	0	1	3	0.000000e+00	0.000000e+00	0.000000e+00
8	0	6	0	1	3	0.000000e+00	0.000000e+00	0.000000e+00
8	0	7	0	1	3	0.000000e+00	0.000000e+00	0.000000e+00
8	0	0	1	1	3	0.000000e+00	0.000000e+00	0.000000e+00
8	0	1	1	1	3	0.000000e+00	0.000000e+00	0.000000e+00
8	0	2	1	1	3	0.000000e+00	0.000000e+00	0.000000e+00
8	0	3	1	1	3	0.000000e+00	0.000000e+00	0.000000e+00
8	0	4	1	1	3	0.000000e+00	0.000000e+00	0.000000e+00
8	0	5	1	1	3	0.000000e+00	0.000000e+00	0.000000e+00
8	0	6	1	1	3	0.000000e+00	0.000000e+00	0.000000e+00
8	0	7	1	1	3	0.000000e+00	0.000000e+00	0.000000e+00
