#CId	PlId	SegId	UorD	Type	nParam	p0	p1	p2
1	0	0	0	1	3	10.394768170235608	-0.7724165759321002	6.5106214920545415
1	0	1	0	1	3	10.394768170235608	-0.7724165759321002	6.5106214920545415
1	0	2	0	1	3	10.394768170235608	-0.7724165759321002	6.5106214920545415
1	0	3	0	1	3	10.394768170235608	-0.7724165759321002	6.5106214920545415
1	0	4	0	1	3	10.394768170235608	-0.7724165759321002	6.5106214920545415
1	0	5	0	1	3	10.394768170235608	-0.7724165759321002	6.5106214920545415
1	0	6	0	1	3	10.394768170235608	-0.7724165759321002	6.5106214920545415
1	0	7	0	1	3	10.394768170235608	-0.7724165759321002	6.5106214920545415
1	0	8	0	1	3	10.394768170235608	-0.7724165759321002	6.5106214920545415
1	0	9	0	1	3	10.394768170235608	-0.7724165759321002	6.5106214920545415
1	0	10	0	1	3	10.394768170235608	-0.7724165759321002	6.5106214920545415
1	0	11	0	1	3	10.394768170235608	-0.7724165759321002	6.5106214920545415
1	0	12	0	1	3	10.394768170235608	-0.7724165759321002	6.5106214920545415
1	0	13	0	1	3	10.394768170235608	-0.7724165759321002	6.5106214920545415
1	0	14	0	1	3	10.394768170235608	-0.7724165759321002	6.5106214920545415
1	0	15	0	1	3	0.3962751072657117	0.47499999987971897	-0.3109412660769566
1	0	16	0	1	3	14.999999580192272	-1.06556481984209	9.557033645535114
1	0	17	0	1	3	2.6312012578772848	0.10550729341546461	1.8553671629464996
1	0	18	0	1	3	14.458229996912827	-1.4863689457086013	8.250178388801642
1	0	19	0	1	3	1.8901131413623347	0.31065443166878026	1.355864506339333
1	0	20	0	1	3	14.999999999999321	-1.3066231315115995	8.965095739634721
1	0	21	0	1	3	14.999999864239415	-1.5522471287254729	8.444756525638011
1	0	22	0	1	3	14.999999927843369	-1.0209118321316417	9.652336608688472
1	0	23	0	1	3	5.614962686720772	-0.14530632020178658	4.3707201388175685
1	0	24	0	1	3	14.999806856139362	-2.025276484740363	7.717579785413786
1	0	25	0	1	3	8.826083367847904	-0.5427385751072631	6.184076063378873
1	0	26	0	1	3	14.999922873366362	-1.2237086556481698	9.13423556793869
1	0	27	0	1	3	5.036060280686107	-0.05309473093820927	4.017081605646479
1	0	28	0	1	3	6.247640104346116	-0.2180277226253704	4.777738931858326
1	0	29	0	1	3	9.428575085455417	-0.614021379407454	6.502580730622641
1	0	30	0	1	3	14.999999885605616	-1.0939862276176577	9.482570572142288
1	0	31	0	1	3	9.075031410462442	-0.6364535816188743	6.248068989782907
1	0	32	0	1	3	2.8226006052268455	0.10677457169196547	2.1175714366745457
1	0	33	0	1	3	14.99999985230804	-1.1223034945511907	9.43271480008095
1	0	34	0	1	3	14.999999992908796	-1.213523317791259	9.215619854867484
1	0	35	0	1	3	10.442001465084092	-0.6968379982216888	7.113863466544879
1	0	36	0	1	3	14.968669980653436	-1.185031105177469	9.226167293938506
1	0	37	0	1	3	5.00879177375523	0.051139597159605366	4.270280273516408
1	0	38	0	1	3	14.99999988784522	-1.3031830969495624	9.037471304136485
1	0	39	0	1	3	3.549056750143077	0.1489217728533898	2.956728617299959
1	0	40	0	1	3	14.999999995200435	-1.309622897972814	9.005223571962187
1	0	41	0	1	3	14.780458235718289	-1.309816213581505	8.904850683650345
1	0	42	0	1	3	14.99999967559043	-1.2228275018648036	9.195853005116074
1	0	43	0	1	3	2.2309569469245063	0.27577625145746865	1.7755481858188906
1	0	44	0	1	3	14.969057651543961	-1.2627936566298952	9.11326834713742
1	0	45	0	1	3	14.61305430258752	-1.3717254664900884	8.651037603532563
1	0	46	0	1	3	14.999999766923544	-1.63062080399208	8.441249038460516
1	0	47	0	1	3	3.154170375438541	-0.03747048987278667	2.2973846903262922
1	0	48	0	1	3	3.6741677355416495	-0.09031149376103453	2.704620283047176
1	0	49	0	1	3	14.99999953853005	-1.7679570030691698	8.207956068689892
1	0	50	0	1	3	10.394768170235608	-0.7724165759321002	6.5106214920545415
1	0	51	0	1	3	10.394768170235608	-0.7724165759321002	6.5106214920545415
1	0	52	0	1	3	10.394768170235608	-0.7724165759321002	6.5106214920545415
1	0	53	0	1	3	10.394768170235608	-0.7724165759321002	6.5106214920545415
1	0	54	0	1	3	10.394768170235608	-0.7724165759321002	6.5106214920545415
1	0	55	0	1	3	10.394768170235608	-0.7724165759321002	6.5106214920545415
1	0	56	0	1	3	10.394768170235608	-0.7724165759321002	6.5106214920545415
1	0	57	0	1	3	10.394768170235608	-0.7724165759321002	6.5106214920545415
1	0	58	0	1	3	10.394768170235608	-0.7724165759321002	6.5106214920545415
1	0	59	0	1	3	10.394768170235608	-0.7724165759321002	6.5106214920545415
1	0	60	0	1	3	10.394768170235608	-0.7724165759321002	6.5106214920545415
1	0	61	0	1	3	10.394768170235608	-0.7724165759321002	6.5106214920545415
1	0	62	0	1	3	10.394768170235608	-0.7724165759321002	6.5106214920545415
1	0	0	1	1	3	11.278687699824747	-0.7509322830869191	7.33243021377703
1	0	1	1	1	3	11.278687699824747	-0.7509322830869191	7.33243021377703
1	0	2	1	1	3	11.278687699824747	-0.7509322830869191	7.33243021377703
1	0	3	1	1	3	11.278687699824747	-0.7509322830869191	7.33243021377703
1	0	4	1	1	3	11.278687699824747	-0.7509322830869191	7.33243021377703
1	0	5	1	1	3	11.278687699824747	-0.7509322830869191	7.33243021377703
1	0	6	1	1	3	11.278687699824747	-0.7509322830869191	7.33243021377703
1	0	7	1	1	3	11.278687699824747	-0.7509322830869191	7.33243021377703
1	0	8	1	1	3	11.278687699824747	-0.7509322830869191	7.33243021377703
1	0	9	1	1	3	11.278687699824747	-0.7509322830869191	7.33243021377703
1	0	10	1	1	3	11.278687699824747	-0.7509322830869191	7.33243021377703
1	0	11	1	1	3	11.278687699824747	-0.7509322830869191	7.33243021377703
1	0	12	1	1	3	11.278687699824747	-0.7509322830869191	7.33243021377703
1	0	13	1	1	3	11.278687699824747	-0.7509322830869191	7.33243021377703
1	0	14	1	1	3	11.278687699824747	-0.7509322830869191	7.33243021377703
1	0	15	1	1	3	1.2873314369182238	0.3448760452373758	0.6535940789530152
1	0	16	1	1	3	14.999999211494398	-1.502911879151453	8.562167615951669
1	0	17	1	1	3	14.59474421057084	-0.7813268873965029	9.999997341365582
1	0	18	1	1	3	3.766573623665538	0.30197822524479623	3.5800207202029544
1	0	19	1	1	3	4.925185606260651	-0.19396647186766458	3.585138376078562
1	0	20	1	1	3	14.999999998135337	-1.0862856552535995	9.481229165174764
1	0	21	1	1	3	14.999999918823075	-0.9669090472422139	9.743765072077608
1	0	22	1	1	3	3.718257007163296	0.21460959183905626	3.2507977885762642
1	0	23	1	1	3	14.999999987962982	-1.1008152529976765	9.452290821038288
1	0	24	1	1	3	14.99999982867162	-1.2139059803169192	9.172380944570666
1	0	25	1	1	3	5.443757526600626	-0.25799646695362366	3.9081510306286056
1	0	26	1	1	3	14.999999935352639	-1.5811785176370279	8.424738972172204
1	0	27	1	1	3	14.954586483972346	-0.9510384165259271	9.78034229840485
1	0	28	1	1	3	14.93201885422578	-1.2378457144171202	9.08379203208715
1	0	29	1	1	3	3.220156521537627	0.28396132378440964	2.9005381513973902
1	0	30	1	1	3	13.313838831531864	-1.0310101964865024	8.43851110514995
1	0	31	1	1	3	14.998469229823039	-0.9767681680052531	9.797165501699121
1	0	32	1	1	3	4.604321540818688	0.03768691510064048	3.789821718703788
1	0	33	1	1	3	14.999999966024552	-1.2457667989442291	9.138055851450329
1	0	34	1	1	3	7.1751376069628625	-0.3769972936592021	5.215389544615856
1	0	35	1	1	3	14.99999971860279	-1.036811888269404	9.626687922627083
1	0	36	1	1	3	5.997680385503615	-0.3892830238509255	4.198033357543829
1	0	37	1	1	3	14.715458265871588	-0.9121604094656952	9.776442183430635
1	0	38	1	1	3	10.228471536425294	-0.7562441293017148	6.844238435208284
1	0	39	1	1	3	14.730273135420068	-0.9055935886892481	9.791796405306822
1	0	40	1	1	3	12.083857003721143	-0.9341703674757031	7.806695739428097
1	0	41	1	1	3	14.999999284862634	-1.0447085054295289	9.638008157860943
1	0	42	1	1	3	8.041368790174817	-0.4673013551916183	5.745890169561705
1	0	43	1	1	3	14.99999999104469	-1.0967662986037419	9.490632496769338
1	0	44	1	1	3	14.999999999998762	-1.1016753697508288	9.499422581152068
1	0	45	1	1	3	14.931416614479225	-1.0219538490016737	9.646529259544886
1	0	46	1	1	3	14.995092850076073	-1.144312988749964	9.41290648945435
1	0	47	1	1	3	8.680638211445663	-0.5801622452495145	6.064701653449863
1	0	48	1	1	3	3.415437012440968	-0.07676645909588231	2.466398271540265
1	0	49	1	1	3	14.999999367282836	-1.4931087842680881	8.668786229019274
1	0	50	1	1	3	11.278687699824747	-0.7509322830869191	7.33243021377703
1	0	51	1	1	3	11.278687699824747	-0.7509322830869191	7.33243021377703
1	0	52	1	1	3	11.278687699824747	-0.7509322830869191	7.33243021377703
1	0	53	1	1	3	11.278687699824747	-0.7509322830869191	7.33243021377703
1	0	54	1	1	3	11.278687699824747	-0.7509322830869191	7.33243021377703
1	0	55	1	1	3	11.278687699824747	-0.7509322830869191	7.33243021377703
1	0	56	1	1	3	11.278687699824747	-0.7509322830869191	7.33243021377703
1	0	57	1	1	3	11.278687699824747	-0.7509322830869191	7.33243021377703
1	0	58	1	1	3	11.278687699824747	-0.7509322830869191	7.33243021377703
1	0	59	1	1	3	11.278687699824747	-0.7509322830869191	7.33243021377703
1	0	60	1	1	3	11.278687699824747	-0.7509322830869191	7.33243021377703
1	0	61	1	1	3	11.278687699824747	-0.7509322830869191	7.33243021377703
1	0	62	1	1	3	11.278687699824747	-0.7509322830869191	7.33243021377703
3	0	0	0	1	3	2.932144963562099	-0.6028609807079973	1.3509091094239645
3	0	1	0	1	3	2.932144963562099	-0.6028609807079973	1.3509091094239645
3	0	2	0	1	3	1.826335665175855	-0.39309786742479247	0.6504951044022544
3	0	3	0	1	3	2.28025339231895	-0.3341264747275572	1.0674870760078803
3	0	4	0	1	3	4.1417889380369965	-1.0331779721882315	1.952739071238887
3	0	5	0	1	3	3.0114483553634668	-0.6057638523675539	1.4419932994888187
3	0	6	0	1	3	3.4629615258093387	-0.6714633610495646	1.6575891145514063
3	0	7	0	1	3	2.5896081718326864	-0.47415268524459897	1.1934462634686493
3	0	8	0	1	3	3.5442750142065296	-0.8287960402505838	1.6416876189676675
3	0	9	0	1	3	2.60048864575297	-0.48230959241109606	1.2018353272661515
3	0	10	0	1	3	2.932144963562099	-0.6028609807079973	1.3509091094239645
3	0	11	0	1	3	2.932144963562099	-0.6028609807079973	1.3509091094239645
3	0	12	0	1	3	2.932144963562099	-0.6028609807079973	1.3509091094239645
3	0	13	0	1	3	2.932144963562099	-0.6028609807079973	1.3509091094239645
3	0	14	0	1	3	2.932144963562099	-0.6028609807079973	1.3509091094239645
3	0	0	1	1	3	2.545107475091026	-0.5206236239172566	1.1281269919618646
3	0	1	1	1	3	2.545107475091026	-0.5206236239172566	1.1281269919618646
3	0	2	1	1	3	2.3355779117741844	-0.6145715472874427	1.0213036891543532
3	0	3	1	1	3	2.269831156347605	-0.36279371200055976	1.0437997946173154
3	0	4	1	1	3	2.5793416353469496	-0.515867289480668	1.1491502306753683
3	0	5	1	1	3	3.9773439391563556	-1.0575725454979374	1.8521283619443873
3	0	6	1	1	3	2.1284360814385326	-0.3351919927621756	0.8415684442660376
3	0	7	1	1	3	1.8728317884549295	-0.3168667511506573	0.7256838079055994
3	0	8	1	1	3	2.7253648906574903	-0.4815787673412535	1.288938344359425
3	0	9	1	1	3	2.472132397552159	-0.48054638581735887	1.102443262772431
3	0	10	1	1	3	2.545107475091026	-0.5206236239172566	1.1281269919618646
3	0	11	1	1	3	2.545107475091026	-0.5206236239172566	1.1281269919618646
3	0	12	1	1	3	2.545107475091026	-0.5206236239172566	1.1281269919618646
3	0	13	1	1	3	2.545107475091026	-0.5206236239172566	1.1281269919618646
3	0	14	1	1	3	2.545107475091026	-0.5206236239172566	1.1281269919618646
5	0	0	0	1	3	0.000000e+00	0.000000e+00	0.000000e+00
5	0	1	0	1	3	0.000000e+00	0.000000e+00	0.000000e+00
5	0	2	0	1	3	0.000000e+00	0.000000e+00	0.000000e+00
5	0	3	0	1	3	0.000000e+00	0.000000e+00	0.000000e+00
5	0	4	0	1	3	0.000000e+00	0.000000e+00	0.000000e+00
5	0	5	0	1	3	0.000000e+00	0.000000e+00	0.000000e+00
5	0	6	0	1	3	0.000000e+00	0.000000e+00	0.000000e+00
5	0	7	0	1	3	0.000000e+00	0.000000e+00	0.000000e+00
5	0	8	0	1	3	0.000000e+00	0.000000e+00	0.000000e+00
5	0	9	0	1	3	0.000000e+00	0.000000e+00	0.000000e+00
5	0	10	0	1	3	0.000000e+00	0.000000e+00	0.000000e+00
5	0	11	0	1	3	0.000000e+00	0.000000e+00	0.000000e+00
5	0	12	0	1	3	0.000000e+00	0.000000e+00	0.000000e+00
5	0	13	0	1	3	0.000000e+00	0.000000e+00	0.000000e+00
5	0	14	0	1	3	0.000000e+00	0.000000e+00	0.000000e+00
5	0	15	0	1	3	0.000000e+00	0.000000e+00	0.000000e+00
5	0	16	0	1	3	0.000000e+00	0.000000e+00	0.000000e+00
5	0	17	0	1	3	0.000000e+00	0.000000e+00	0.000000e+00
5	0	18	0	1	3	0.000000e+00	0.000000e+00	0.000000e+00
5	0	19	0	1	3	0.000000e+00	0.000000e+00	0.000000e+00
5	0	20	0	1	3	0.000000e+00	0.000000e+00	0.000000e+00
5	0	21	0	1	3	0.000000e+00	0.000000e+00	0.000000e+00
5	0	22	0	1	3	0.000000e+00	0.000000e+00	0.000000e+00
5	0	23	0	1	3	0.000000e+00	0.000000e+00	0.000000e+00
5	0	24	0	1	3	0.000000e+00	0.000000e+00	0.000000e+00
5	0	25	0	1	3	0.000000e+00	0.000000e+00	0.000000e+00
5	0	26	0	1	3	0.000000e+00	0.000000e+00	0.000000e+00
5	0	27	0	1	3	0.000000e+00	0.000000e+00	0.000000e+00
5	0	28	0	1	3	0.000000e+00	0.000000e+00	0.000000e+00
5	0	29	0	1	3	0.000000e+00	0.000000e+00	0.000000e+00
5	0	30	0	1	3	0.000000e+00	0.000000e+00	0.000000e+00
5	0	31	0	1	3	0.000000e+00	0.000000e+00	0.000000e+00
5	0	32	0	1	3	0.000000e+00	0.000000e+00	0.000000e+00
5	0	33	0	1	3	0.000000e+00	0.000000e+00	0.000000e+00
5	0	0	1	1	3	0.000000e+00	0.000000e+00	0.000000e+00
5	0	1	1	1	3	0.000000e+00	0.000000e+00	0.000000e+00
5	0	2	1	1	3	0.000000e+00	0.000000e+00	0.000000e+00
5	0	3	1	1	3	0.000000e+00	0.000000e+00	0.000000e+00
5	0	4	1	1	3	0.000000e+00	0.000000e+00	0.000000e+00
5	0	5	1	1	3	0.000000e+00	0.000000e+00	0.000000e+00
5	0	6	1	1	3	0.000000e+00	0.000000e+00	0.000000e+00
5	0	7	1	1	3	0.000000e+00	0.000000e+00	0.000000e+00
5	0	8	1	1	3	0.000000e+00	0.000000e+00	0.000000e+00
5	0	9	1	1	3	0.000000e+00	0.000000e+00	0.000000e+00
5	0	10	1	1	3	0.000000e+00	0.000000e+00	0.000000e+00
5	0	11	1	1	3	0.000000e+00	0.000000e+00	0.000000e+00
5	0	12	1	1	3	0.000000e+00	0.000000e+00	0.000000e+00
5	0	13	1	1	3	0.000000e+00	0.000000e+00	0.000000e+00
5	0	14	1	1	3	0.000000e+00	0.000000e+00	0.000000e+00
5	0	15	1	1	3	0.000000e+00	0.000000e+00	0.000000e+00
5	0	16	1	1	3	0.000000e+00	0.000000e+00	0.000000e+00
5	0	17	1	1	3	0.000000e+00	0.000000e+00	0.000000e+00
5	0	18	1	1	3	0.000000e+00	0.000000e+00	0.000000e+00
5	0	19	1	1	3	0.000000e+00	0.000000e+00	0.000000e+00
5	0	20	1	1	3	0.000000e+00	0.000000e+00	0.000000e+00
5	0	21	1	1	3	0.000000e+00	0.000000e+00	0.000000e+00
5	0	22	1	1	3	0.000000e+00	0.000000e+00	0.000000e+00
5	0	23	1	1	3	0.000000e+00	0.000000e+00	0.000000e+00
5	0	24	1	1	3	0.000000e+00	0.000000e+00	0.000000e+00
5	0	25	1	1	3	0.000000e+00	0.000000e+00	0.000000e+00
5	0	26	1	1	3	0.000000e+00	0.000000e+00	0.000000e+00
5	0	27	1	1	3	0.000000e+00	0.000000e+00	0.000000e+00
5	0	28	1	1	3	0.000000e+00	0.000000e+00	0.000000e+00
5	0	29	1	1	3	0.000000e+00	0.000000e+00	0.000000e+00
5	0	30	1	1	3	0.000000e+00	0.000000e+00	0.000000e+00
5	0	31	1	1	3	0.000000e+00	0.000000e+00	0.000000e+00
5	0	32	1	1	3	0.000000e+00	0.000000e+00	0.000000e+00
5	0	33	1	1	3	0.000000e+00	0.000000e+00	0.000000e+00
8	0	0	0	1	3	0.000000e+00	0.000000e+00	0.000000e+00
8	0	1	0	1	3	0.000000e+00	0.000000e+00	0.000000e+00
8	0	2	0	1	3	0.000000e+00	0.000000e+00	0.000000e+00
8	0	3	0	1	3	0.000000e+00	0.000000e+00	0.000000e+00
8	0	4	0	1	3	0.000000e+00	0.000000e+00	0.000000e+00
8	0	5	0	1	3	0.000000e+00	0.000000e+00	0.000000e+00
8	0	6	0	1	3	0.000000e+00	0.000000e+00	0.000000e+00
8	0	7	0	1	3	0.000000e+00	0.000000e+00	0.000000e+00
8	0	0	1	1	3	0.000000e+00	0.000000e+00	0.000000e+00
8	0	1	1	1	3	0.000000e+00	0.000000e+00	0.000000e+00
8	0	2	1	1	3	0.000000e+00	0.000000e+00	0.000000e+00
8	0	3	1	1	3	0.000000e+00	0.000000e+00	0.000000e+00
8	0	4	1	1	3	0.000000e+00	0.000000e+00	0.000000e+00
8	0	5	1	1	3	0.000000e+00	0.000000e+00	0.000000e+00
8	0	6	1	1	3	0.000000e+00	0.000000e+00	0.000000e+00
8	0	7	1	1	3	0.000000e+00	0.000000e+00	0.000000e+00
11	0	0	0	0	3	0.000000e+00	0.000000e+00	0.000000e+00
11	0	1	0	0	3	0.000000e+00	0.000000e+00	0.000000e+00
11	0	2	0	0	3	0.000000e+00	0.000000e+00	0.000000e+00
11	0	3	0	0	3	0.000000e+00	0.000000e+00	0.000000e+00
11	0	4	0	0	3	0.000000e+00	0.000000e+00	0.000000e+00
11	0	5	0	0	3	0.000000e+00	0.000000e+00	0.000000e+00
11	0	6	0	0	3	0.000000e+00	0.000000e+00	0.000000e+00
11	0	7	0	0	3	0.000000e+00	0.000000e+00	0.000000e+00
