haein (41): 2156, 2280, 2312, 2365, 2425, 2427, 2439, 2448, 2454, 2560, 2561, 2590, 2595, 2596, 2609, 2618, 2627, 2630, 2632, 2722, 2729, 2735, 2750, 2772, 2777, 2787, 2848, 2858, 2889, 2904, 2918, 2932, 2943, 2983, 2992, 3018, 3024, 3032, 3033, 3038, 3040

saito (41): 2153, 2163, 2170, 2265, 2270, 2295, 2315, 2341, 2346, 2358, 2369, 2386, 2387, 2414, 2431, 2468, 2486, 2496, 2524, 2537, 2569, 2625, 2631, 2751, 2760, 2765, 2766, 2794, 2818, 2835, 2837, 2872, 2884, 2891, 2895, 2896, 2934, 2988, 2995, 3010, 3043

hayakawa (41): 2154, 2165, 2174, 2177, 2269, 2283, 2305, 2306, 2323, 2355, 2359, 2372, 2378, 2412, 2489, 2491, 2539, 2589, 2687, 2703, 2754, 2769, 2790, 2799, 2816, 2828, 2836, 2860, 2861, 2871, 2873, 2924, 2930, 2935, 2993, 2999, 3002, 3025

ichikawa (41): 2150, 2168, 2271, 2322, 2324, 2343, 2349, 2368, 2388, 2408, 2422, 2443, 2456, 2461, 2520, 2534, 2540, 2546, 2616, 2633, 2647, 2650, 2651, 2688, 2695, 2753, 2764, 2768, 2780, 2784, 2844, 2912, 2915, 2926, 2947, 2996, 3020, 3022, 3031, 3044

amemiya (41): 2160, 2166, 2169, 2208, 2212, 2267, 2284, 2290, 2299, 2316, 2334, 2335, 2339, 2340, 2350, 2380, 2442, 2494, 2508, 2512, 2585, 2607, 2611, 2614, 2634, 2635, 2689, 2690, 2706, 2733, 2759, 2791, 2801, 2822, 2823, 2857, 2864, 2897, 3006, 3014, 3027

shimazaki (41): 2171, 2179, 2209, 2211, 2276, 2298, 2309, 2331, 2342, 2356, 2364, 2465, 2511, 2514, 2580, 2626, 2636, 2683, 2701, 2705, 2720, 2721, 2736, 2738, 2747, 2761, 2763, 2775, 2786, 2824, 2843, 2856, 2867, 2887, 2894, 2933, 2948, 2987, 3000, 3013, 3035

sasaki (40): 2158, 2161, 2291, 2292, 2293, 2376, 2377, 2384, 2413, 2421, 2440, 2460, 2463, 2464, 2531, 2562, 2594, 2619, 2623, 2655, 2700, 2704, 2709, 2732, 2737, 2739, 2740, 2741, 2762, 2785, 2793, 2802, 2903, 2910, 2921, 2978, 2986, 2989, 3008, 3009

nakayama (40): 2178, 2275, 2278, 2287, 2311, 2317, 2327, 2353, 2361, 2366, 2415, 2432, 2437, 2449, 2450, 2453, 2458, 2604, 2622, 2653, 2691, 2693, 2712, 2714, 2748, 2755, 2834, 2852, 2862, 2870, 2922, 2927, 2931, 2941, 2981, 2985, 3030, 3034, 3037, 3042

dahyun (40): 2173, 2213, 2272, 2281, 2314, 2338, 2345, 2351, 2354, 2426, 2429, 2435, 2485, 2504, 2516, 2522, 2606, 2610, 2615, 2621, 2680, 2686, 2692, 2708, 2724, 2727, 2734, 2752, 2758, 2796, 2800, 2804, 2806, 2815, 2820, 2821, 2859, 2901, 2907, 3026

jaejin (40): 2147, 2155, 2164, 2210, 2263, 2268, 2296, 2300, 2321, 2348, 2362, 2379, 2409, 2452, 2544, 2587, 2601, 2603, 2685, 2719, 2749, 2767, 2770, 2781, 2803, 2826, 2827, 2841, 2847, 2853, 2854, 2865, 2869, 2913, 2929, 2940, 2979, 2984, 3003, 3012

adachi (40): 2297, 2347, 2357, 2373, 2374, 2375, 2417, 2447, 2457, 2459, 2466, 2467, 2500, 2502, 2518, 2529, 2581, 2602, 2613, 2652, 2684, 2713, 2715, 2725, 2756, 2771, 2805, 2866, 2898, 2902, 2906, 2914, 2916, 2925, 2928, 2950, 2977, 2997, 3016, 3019

wooseung (40): 2157, 2159, 2162, 2274, 2286, 2318, 2337, 2344, 2382, 2416, 2428, 2441, 2492, 2542, 2599, 2620, 2648, 2682, 2699, 2710, 2723, 2731, 2742, 2774, 2779, 2782, 2783, 2789, 2797, 2874, 2909, 2990, 2998, 3007, 3015, 3017, 3023, 3036, 3039

byungmin (40): 2146, 2180, 2264, 2277, 2282, 2294, 2304, 2313, 2336, 2385, 2419, 2420, 2424, 2434, 2451, 2455, 2462, 2498, 2506, 2535, 2558, 2612, 2624, 2654, 2697, 2718, 2726, 2776, 2792, 2851, 2863, 2875, 2883, 2888, 2905, 2923, 2939, 2949, 3005, 3021

oura (40): 2266, 2279, 2285, 2329, 2333, 2352, 2360, 2363, 2370, 2383, 2410, 2411, 2418, 2423, 2436, 2438, 2487, 2497, 2509, 2527, 2592, 2628, 2629, 2649, 2702, 2711, 2730, 2757, 2788, 2795, 2817, 2819, 2825, 2833, 2868, 2892, 2893, 2917, 2951, 3041
