#CId	PlId	SegId	AorT	UorD	p0	p1
1	0	0	1	0	1417765.2	-0.0009765625
1	0	1	1	0	1417753.2432432433	-0.0009765625
1	0	2	1	0	1417865.2083333333	-0.0009765625
1	0	3	1	0	1417146.9767441861	-0.0009765625
1	0	4	1	0	1417574.1666666667	-0.0009765625
1	0	5	1	0	1417651.4814814816	-0.0009765625
1	0	6	1	0	1416980.6382978724	-0.0009765625
1	0	7	1	0	1417181.0344827587	-0.0009765625
1	0	8	1	0	1416901.111111111	-0.0009765625
1	0	9	1	0	1417896.6666666667	-0.0009765625
1	0	10	1	0	1417750.168067227	-0.0009765625
1	0	11	1	0	1417547.972972973	-0.0009765625
1	0	12	1	0	1417278.2352941176	-0.0009765625
1	0	13	1	0	1418242.1912350599	-0.0009765625
1	0	14	1	0	1418230.0230093664	-0.0009765625
1	0	15	1	0	1418629.6178619755	-0.0009765625
1	0	16	1	0	1418277.1632447632	-0.0009765625
1	0	17	1	0	1419262.0661610644	-0.0009765625
1	0	18	1	0	1418830.7615287027	-0.0009765625
1	0	19	1	0	1419086.9410903028	-0.0009765625
1	0	20	1	0	1419525.1510246175	-0.0009765625
1	0	21	1	0	1419628.1592084435	-0.0009765625
1	0	22	1	0	1419810.0900266373	-0.0009765625
1	0	23	1	0	1419104.4048204462	-0.0009765625
1	0	24	1	0	1419277.0664393168	-0.0009765625
1	0	25	1	0	1419597.040759552	-0.0009765625
1	0	26	1	0	1419727.1958389923	-0.0009765625
1	0	27	1	0	1419141.5888015933	-0.0009765625
1	0	28	1	0	1419506.0081327427	-0.0009765625
1	0	29	1	0	1419555.023311536	-0.0009765625
1	0	30	1	0	1419716.8464233736	-0.0009765625
1	0	31	1	0	1417952.1481948236	-0.0009765625
1	0	32	1	0	1418392.5222151529	-0.0009765625
1	0	33	1	0	1418224.6697486714	-0.0009765625
1	0	34	1	0	1418763.8722323026	-0.0009765625
1	0	35	1	0	1418965.6093469425	-0.0009765625
1	0	36	1	0	1418767.2738548527	-0.0009765625
1	0	37	1	0	1419213.784021085	-0.0009765625
1	0	38	1	0	1418789.9510698398	-0.0009765625
1	0	39	1	0	1419088.5567192733	-0.0009765625
1	0	40	1	0	1418376.8425591234	-0.0009765625
1	0	41	1	0	1419068.2744817582	-0.0009765625
1	0	42	1	0	1418724.6296636662	-0.0009765625
1	0	43	1	0	1419242.2521028582	-0.0009765625
1	0	44	1	0	1418553.8320252728	-0.0009765625
1	0	45	1	0	1419341.7524679026	-0.0009765625
1	0	46	1	0	1418566.4997992774	-0.0009765625
1	0	47	1	0	1419017.5257755667	-0.0009765625
1	0	48	1	0	1418443.8724491347	-0.0009765625
1	0	49	1	0	1419280.1749117996	-0.0009765625
1	0	50	1	0	1418662.3548721464	-0.0009765625
1	0	51	1	0	1418855.1118268713	-0.0009765625
1	0	52	1	0	1418775.9449845147	-0.0009765625
1	0	53	1	0	1419447.7098491138	-0.0009765625
1	0	54	1	0	1419003.436872123	-0.0009765625
1	0	55	1	0	1419135.5402021513	-0.0009765625
1	0	56	1	0	1418773.331408457	-0.0009765625
1	0	57	1	0	1419578.7986571388	-0.0009765625
1	0	58	1	0	1419070.679654931	-0.0009765625
1	0	59	1	0	1419300.6274525241	-0.0009765625
1	0	60	1	0	1418933.1288403682	-0.0009765625
1	0	61	1	0	1419598.6819568165	-0.0009765625
1	0	62	1	0	1419115.227308964	-0.0009765625
1	0	0	1	1	1419526.5789473683	-0.0009765625
1	0	1	1	1	1419928.4615384615	-0.0009765625
1	0	2	1	1	1419083.3333333333	-0.0009765625
1	0	3	1	1	1419794.8837209302	-0.0009765625
1	0	4	1	1	1419794.8648648649	-0.0009765625
1	0	5	1	1	1419684.5238095238	-0.0009765625
1	0	6	1	1	1418471.914893617	-0.0009765625
1	0	7	1	1	1419441.3793103448	-0.0009765625
1	0	8	1	1	1419394.9572649573	-0.0009765625
1	0	9	1	1	1420509.2727272727	-0.0009765625
1	0	10	1	1	1419624.5454545454	-0.0009765625
1	0	11	1	1	1419678.3783783785	-0.0009765625
1	0	12	1	1	1418870.4102564103	-0.0009765625
1	0	13	1	1	1419970.0784313725	-0.0009765625
1	0	14	1	1	1419398.2144323972	-0.0009765625
1	0	15	1	1	1420347.7899395053	-0.0009765625
1	0	16	1	1	1419854.8389879388	-0.0009765625
1	0	17	1	1	1420966.1333296695	-0.0009765625
1	0	18	1	1	1419613.6512264833	-0.0009765625
1	0	19	1	1	1420499.1911114268	-0.0009765625
1	0	20	1	1	1419690.8682031925	-0.0009765625
1	0	21	1	1	1420570.802507446	-0.0009765625
1	0	22	1	1	1419358.533630249	-0.0009765625
1	0	23	1	1	1420020.230394034	-0.0009765625
1	0	24	1	1	1419718.1928299565	-0.0009765625
1	0	25	1	1	1420438.179532392	-0.0009765625
1	0	26	1	1	1419287.753547057	-0.0009765625
1	0	27	1	1	1419839.5548357256	-0.0009765625
1	0	28	1	1	1419408.589651345	-0.0009765625
1	0	29	1	1	1419065.1254831082	-0.0009765625
1	0	30	1	1	1418772.155766069	-0.0009765625
1	0	31	1	1	1418486.4842791585	-0.0009765625
1	0	32	1	1	1420072.6211540753	-0.0009765625
1	0	33	1	1	1419863.866851383	-0.0009765625
1	0	34	1	1	1419579.8668771745	-0.0009765625
1	0	35	1	1	1419364.4016566696	-0.0009765625
1	0	36	1	1	1419760.6782162488	-0.0009765625
1	0	37	1	1	1419688.7714880148	-0.0009765625
1	0	38	1	1	1419136.0013434025	-0.0009765625
1	0	39	1	1	1419338.5845366549	-0.0009765625
1	0	40	1	1	1419597.3075545346	-0.0009765625
1	0	41	1	1	1419451.5413805004	-0.0009765625
1	0	42	1	1	1419148.564531926	-0.0009765625
1	0	43	1	1	1418850.64632561	-0.0009765625
1	0	44	1	1	1418233.5922586382	-0.0009765625
1	0	45	1	1	1418866.9872162705	-0.0009765625
1	0	46	1	1	1417659.5667364032	-0.0009765625
1	0	47	1	1	1418482.2058350523	-0.0009765625
1	0	48	1	1	1417898.595881274	-0.0009765625
1	0	49	1	1	1418766.5289469094	-0.0009765625
1	0	50	1	1	1417569.2863236975	-0.0009765625
1	0	51	1	1	1418054.9103277668	-0.0009765625
1	0	52	1	1	1417492.4262886217	-0.0009765625
1	0	53	1	1	1418479.6730285226	-0.0009765625
1	0	54	1	1	1417218.7850832513	-0.0009765625
1	0	55	1	1	1417917.2347636872	-0.0009765625
1	0	56	1	1	1417931.0419047414	-0.0009765625
1	0	57	1	1	1418620.7963301726	-0.0009765625
1	0	58	1	1	1417630.0055960505	-0.0009765625
1	0	59	1	1	1417918.0248826584	-0.0009765625
1	0	60	1	1	1418435.4971084315	-0.0009765625
1	0	61	1	1	1418223.4032263877	-0.0009765625
1	0	62	1	1	1418019.206345342	-0.0009765625
1	0	0	0	0	0.0	9.045030193877437
1	0	1	0	0	0.0	8.467068235651345
1	0	2	0	0	0.0	9.77015402896909
1	0	3	0	0	0.0	8.78591101361455
1	0	4	0	0	0.0	9.247669074368229
1	0	5	0	0	0.0	9.03068092084642
1	0	6	0	0	0.0	9.53671985336447
1	0	7	0	0	0.0	7.736948596586142
1	0	8	0	0	0.0	9.357795631727274
1	0	9	0	0	0.0	8.362912944223472
1	0	10	0	0	0.0	9.036649550793642
1	0	11	0	0	0.0	8.140264352463612
1	0	12	0	0	0.0	9.510609290968288
1	0	13	0	0	0.0	8.407691964365382
1	0	14	0	0	0.0	9.416580009985587
1	0	15	0	0	0.0	7.921287649642547
1	0	16	0	0	0.0	8.904355922879185
1	0	17	0	0	0.0	8.570610491823858
1	0	18	0	0	0.0	9.016991153815164
1	0	19	0	0	0.0	8.20517863503917
1	0	20	0	0	0.0	8.78621075173909
1	0	21	0	0	0.0	8.698254023313014
1	0	22	0	0	0.0	8.80371682165955
1	0	23	0	0	0.0	7.723410664032824
1	0	24	0	0	0.0	9.016842788330958
1	0	25	0	0	0.0	8.720564286794296
1	0	26	0	0	0.0	9.026104255860112
1	0	27	0	0	0.0	8.292502614358128
1	0	28	0	0	0.0	8.915298598614259
1	0	29	0	0	0.0	9.042907137942107
1	0	30	0	0	0.0	8.867346284435925
1	0	31	0	0	0.0	8.391957114496412
1	0	32	0	0	0.0	9.102794469955986
1	0	33	0	0	0.0	8.78784978870738
1	0	34	0	0	0.0	8.950879398795957
1	0	35	0	0	0.0	8.367654905788205
1	0	36	0	0	0.0	9.146572627117472
1	0	37	0	0	0.0	8.595331790258987
1	0	38	0	0	0.0	8.840635355024673
1	0	39	0	0	0.0	8.391942185616937
1	0	40	0	0	0.0	9.102068922496713
1	0	41	0	0	0.0	8.470288769964469
1	0	42	0	0	0.0	9.20815668374277
1	0	43	0	0	0.0	8.421261889090786
1	0	44	0	0	0.0	9.163990890013894
1	0	45	0	0	0.0	8.750324699683071
1	0	46	0	0	0.0	9.0825930214026
1	0	47	0	0	0.0	8.74437502711102
1	0	48	0	0	0.0	9.518735450956317
1	0	49	0	0	0.0	8.910665492860957
1	0	50	0	0	0.0	9.070305688042406
1	0	51	0	0	0.0	8.207542237257485
1	0	52	0	0	0.0	9.245324789241998
1	0	53	0	0	0.0	8.793828044854143
1	0	54	0	0	0.0	9.437904958673718
1	0	55	0	0	0.0	8.351233000517482
1	0	56	0	0	0.0	9.381751746367893
1	0	57	0	0	0.0	9.076320922201644
1	0	58	0	0	0.0	9.090751550103082
1	0	59	0	0	0.0	8.328427088750509
1	0	60	0	0	0.0	9.503257591917876
1	0	61	0	0	0.0	9.356855040615073
1	0	62	0	0	0.0	9.722747196826239
1	0	0	0	1	0.0	9.423509258564232
1	0	1	0	1	0.0	9.760976627748366
1	0	2	0	1	0.0	9.867301183840485
1	0	3	0	1	0.0	9.786234264586765
1	0	4	0	1	0.0	9.094811060036598
1	0	5	0	1	0.0	9.471115766768238
1	0	6	0	1	0.0	9.53030117554252
1	0	7	0	1	0.0	8.662343818730784
1	0	8	0	1	0.0	8.918279876353559
1	0	9	0	1	0.0	8.796338305930902
1	0	10	0	1	0.0	8.975338782844373
1	0	11	0	1	0.0	8.907952308373817
1	0	12	0	1	0.0	9.1411873412516
1	0	13	0	1	0.0	8.70039216682676
1	0	14	0	1	0.0	8.634119923492568
1	0	15	0	1	0.0	8.971252227239669
1	0	16	0	1	0.0	8.935571324408558
1	0	17	0	1	0.0	9.049822232776826
1	0	18	0	1	0.0	9.208250005487761
1	0	19	0	1	0.0	9.193370643855257
1	0	20	0	1	0.0	8.983073913577933
1	0	21	0	1	0.0	8.972711631476333
1	0	22	0	1	0.0	9.02136498801455
1	0	23	0	1	0.0	8.858679881132844
1	0	24	0	1	0.0	8.711203515752128
1	0	25	0	1	0.0	8.813383643408672
1	0	26	0	1	0.0	8.773310566088012
1	0	27	0	1	0.0	8.980656668814989
1	0	28	0	1	0.0	8.913387490088905
1	0	29	0	1	0.0	9.075262655440282
1	0	30	0	1	0.0	9.020871892953972
1	0	31	0	1	0.0	9.022136799782276
1	0	32	0	1	0.0	8.950395690289412
1	0	33	0	1	0.0	8.820159491352399
1	0	34	0	1	0.0	8.865234402613108
1	0	35	0	1	0.0	8.734540719415621
1	0	36	0	1	0.0	8.966692801094638
1	0	37	0	1	0.0	8.677729200323514
1	0	38	0	1	0.0	8.805883245511614
1	0	39	0	1	0.0	8.915810094681508
1	0	40	0	1	0.0	8.696406986597237
1	0	41	0	1	0.0	8.591226054530795
1	0	42	0	1	0.0	9.081861986068882
1	0	43	0	1	0.0	8.752531813653276
1	0	44	0	1	0.0	8.836812771939126
1	0	45	0	1	0.0	8.71182974654415
1	0	46	0	1	0.0	8.84489608385438
1	0	47	0	1	0.0	9.095883064107046
1	0	48	0	1	0.0	9.138957727151956
1	0	49	0	1	0.0	9.136599074641538
1	0	50	0	1	0.0	8.784291103958054
1	0	51	0	1	0.0	8.53300466037054
1	0	52	0	1	0.0	8.762814617323984
1	0	53	0	1	0.0	8.701067756770996
1	0	54	0	1	0.0	9.238624187098972
1	0	55	0	1	0.0	9.120460063209153
1	0	56	0	1	0.0	8.2082157053267
1	0	57	0	1	0.0	8.95338491965589
1	0	58	0	1	0.0	8.566863641501236
1	0	59	0	1	0.0	9.02705626637793
1	0	60	0	1	0.0	8.807368047593085
1	0	61	0	1	0.0	9.125639047854065
1	0	62	0	1	0.0	9.027144321264885
3	0	0	1	0	723373.6725663717	-0.0009765625
3	0	1	1	0	722956.7964071856	-0.0009765625
3	0	2	1	0	724256.2719783075	-0.0009765625
3	0	3	1	0	724241.1673083293	-0.0009765625
3	0	4	1	0	725019.2832818194	-0.0009765625
3	0	5	1	0	725582.1179312231	-0.0009765625
3	0	6	1	0	724371.1616261486	-0.0009765625
3	0	7	1	0	724435.325151343	-0.0009765625
3	0	8	1	0	725276.4798731947	-0.0009765625
3	0	9	1	0	725125.4551197928	-0.0009765625
3	0	10	1	0	724344.4498475604	-0.0009765625
3	0	11	1	0	723822.7155118808	-0.0009765625
3	0	12	1	0	723839.0219002388	-0.0009765625
3	0	13	1	0	723224.0187657988	-0.0009765625
3	0	14	1	0	723188.774509804	-0.0009765625
3	0	0	1	1	726194.649122807	-0.0009765625
3	0	1	1	1	725660.3757225433	-0.0009765625
3	0	2	1	1	727838.610650476	-0.0009765625
3	0	3	1	1	727495.7635278363	-0.0009765625
3	0	4	1	1	727160.5675010831	-0.0009765625
3	0	5	1	1	727795.529851787	-0.0009765625
3	0	6	1	1	727635.2631743514	-0.0009765625
3	0	7	1	1	727878.9000897016	-0.0009765625
3	0	8	1	1	728505.0384565601	-0.0009765625
3	0	9	1	1	728066.0632991944	-0.0009765625
3	0	10	1	1	728061.3557190668	-0.0009765625
3	0	11	1	1	726650.7791161896	-0.0009765625
3	0	12	1	1	726768.0945176895	-0.0009765625
3	0	13	1	1	726058.6105512126	-0.0009765625
3	0	14	1	1	726336.3526570048	-0.0009765625
3	0	0	1	2	-0.6856955589988711	1.0
3	0	1	1	2	-1.0022660434106578	1.0
3	0	2	1	2	0.022999793035227846	1.0
3	0	3	1	2	0.3566448927410099	1.0
3	0	4	1	2	-0.43398313692729656	1.0
3	0	5	1	2	0.6008871937561546	1.0
3	0	6	1	2	-0.43019066445103765	1.0
3	0	7	1	2	0.308817443584896	1.0
3	0	8	1	2	-0.29695298282354443	1.0
3	0	9	1	2	-0.15397527637490102	1.0
3	0	10	1	2	-0.7185788779103983	1.0
3	0	11	1	2	-0.6574246691605095	1.0
3	0	12	1	2	-0.8468232412527837	1.0
3	0	13	1	2	-0.8164691722914111	1.0
3	0	14	1	2	-1.0690094931633738	1.0
3	0	0	0	0	120.39486035283275	204.811
3	0	1	0	0	148.56386857057475	2.76657e+02
3	0	2	0	0	103.0888307406605	235.8306616978649
3	0	3	0	0	136.96325476685288	301.64000331404657
3	0	4	0	0	127.87560889028758	261.27796658121287
3	0	5	0	0	130.26434331288007	288.2734803686002
3	0	6	0	0	129.80764333592947	220.19338772927253
3	0	7	0	0	123.93962024319934	316.8548952512181
3	0	8	0	0	115.88993018367972	268.29795859488513
3	0	9	0	0	112.15663897625043	282.90474244618014
3	0	10	0	0	141.29966930836184	220.00000141502724
3	0	11	0	0	116.73680263311347	170.0000192055003
3	0	12	0	0	112.94554364116478	288.66671532105033
3	0	13	0	0	97.47959516503659	296.23929233849174
3	0	14	0	0	144.40548660187866	2.76289e+02
3	0	0	0	1	127.28078621011002	2.94093e+02
3	0	1	0	1	108.6191471468329	2.59980e+02
3	0	2	0	1	119.67692759525791	253.45996214530624
3	0	3	0	1	91.94469187706339	260.7160184028771
3	0	4	0	1	127.31913896764371	272.02237641459317
3	0	5	0	1	107.33400806395576	249.44186664146605
3	0	6	0	1	106.26847784999497	237.02753681240392
3	0	7	0	1	111.16923269347575	259.9955207537801
3	0	8	0	1	124.18351375565379	244.3069482837979
3	0	9	0	1	107.24590462309827	235.2915942609765
3	0	10	0	1	119.83576031970735	180.00000000026822
3	0	11	0	1	117.54109524675935	212.76860476750102
3	0	12	0	1	113.8916163753656	261.53470872929415
3	0	13	0	1	108.57016008461191	277.58040777033216
3	0	14	0	1	115.15260868754044	2.92301e+02
4	0	0	1	0	1.000000e+00	-9.765625e-04
4	0	1	1	0	1.000000e+00	-9.765625e-04
4	0	2	1	0	1.000000e+00	-9.765625e-04
4	0	3	1	0	1.000000e+00	-9.765625e-04
4	0	0	1	1	1.000000e+00	-9.765625e-04
4	0	1	1	1	1.000000e+00	-9.765625e-04
4	0	2	1	1	1.000000e+00	-9.765625e-04
4	0	3	1	1	1.000000e+00	-9.765625e-04
4	0	0	0	0	0.000000e+00	1.000000e+00
4	0	1	0	0	0.000000e+00	1.000000e+00
4	0	2	0	0	0.000000e+00	1.000000e+00
4	0	3	0	0	0.000000e+00	1.000000e+00
4	0	0	0	1	0.000000e+00	1.000000e+00
4	0	1	0	1	0.000000e+00	1.000000e+00
4	0	2	0	1	0.000000e+00	1.000000e+00
4	0	3	0	1	0.000000e+00	1.000000e+00
5	0	0	1	0	713553.8662266245	-0.0009765625
5	0	1	1	0	713783.0	-0.0009765625
5	0	2	1	0	713887.9166666666	-0.0009765625
5	0	3	1	0	713916.5217391305	-0.0009765625
5	0	4	1	0	714527.5974025974	-0.0009765625
5	0	5	1	0	712326.0234181393	-0.0009765625
5	0	6	1	0	713032.8195488722	-0.0009765625
5	0	7	1	0	710832.7205882353	-0.0009765625
5	0	8	1	0	711608.4693877551	-0.0009765625
5	0	9	1	0	711865.0	-0.0009765625
5	0	10	1	0	710854.5744680851	-0.0009765625
5	0	11	1	0	710041.0344827586	-0.0009765625
5	0	12	1	0	709885.487804878	-0.0009765625
5	0	13	1	0	711114.3548387097	-0.0009765625
5	0	14	1	0	711895.2702702703	-0.0009765625
5	0	15	1	0	709586.4925373135	-0.0009765625
5	0	16	1	0	710788.164556962	-0.0009765625
5	0	17	1	0	711698.1521739131	-0.0009765625
5	0	18	1	0	711137.5892857143	-0.0009765625
5	0	19	1	0	710524.2340425532	-0.0009765625
5	0	20	1	0	711804.5851782894	-0.0009765625
5	0	21	1	0	712163.1225706907	-0.0009765625
5	0	22	1	0	711733.4409107121	-0.0009765625
5	0	23	1	0	711597.0953394801	-0.0009765625
5	0	24	1	0	713448.6547526851	-0.0009765625
5	0	25	1	0	712836.4285714285	-0.0009765625
5	0	26	1	0	712962.7099236641	-0.0009765625
5	0	27	1	0	711200.9550561798	-0.0009765625
5	0	28	1	0	711401.0606060605	-0.0009765625
5	0	29	1	0	710943.125	-0.0009765625
5	0	30	1	0	712032.0731707317	-0.0009765625
5	0	31	1	0	711941.043956044	-0.0009765625
5	0	32	1	0	713805.0769230769	-0.0009765625
5	0	33	1	0	714057.8695652174	-0.0009765625
5	0	0	1	1	715320.7881979076	-0.0009765625
5	0	1	1	1	714499.0677966102	-0.0009765625
5	0	2	1	1	713644.8507462686	-0.0009765625
5	0	3	1	1	714886.875	-0.0009765625
5	0	4	1	1	713685.8641975309	-0.0009765625
5	0	5	1	1	713246.979419357	-0.0009765625
5	0	6	1	1	712457.8947368421	-0.0009765625
5	0	7	1	1	713587.0	-0.0009765625
5	0	8	1	1	712040.6862745098	-0.0009765625
5	0	9	1	1	712651.3636363636	-0.0009765625
5	0	10	1	1	711389.0384615385	-0.0009765625
5	0	11	1	1	710439.6551724138	-0.0009765625
5	0	12	1	1	711640.7142857143	-0.0009765625
5	0	13	1	1	711404.1666666666	-0.0009765625
5	0	14	1	1	710450.0	-0.0009765625
5	0	15	1	1	710055.3921568628	-0.0009765625
5	0	16	1	1	710090.064935065	-0.0009765625
5	0	17	1	1	710110.7291666666	-0.0009765625
5	0	18	1	1	709656.2295081967	-0.0009765625
5	0	19	1	1	709496.3716814159	-0.0009765625
5	0	20	1	1	710988.1699369018	-0.0009765625
5	0	21	1	1	711325.295736114	-0.0009765625
5	0	22	1	1	712238.8857195817	-0.0009765625
5	0	23	1	1	711126.8817722274	-0.0009765625
5	0	24	1	1	711582.5464331948	-0.0009765625
5	0	25	1	1	711253.8461538461	-0.0009765625
5	0	26	1	1	709959.1984732824	-0.0009765625
5	0	27	1	1	709313.4705882353	-0.0009765625
5	0	28	1	1	710348.1168831169	-0.0009765625
5	0	29	1	1	710281.8421052631	-0.0009765625
5	0	30	1	1	712105.3529411765	-0.0009765625
5	0	31	1	1	712614.7701149426	-0.0009765625
5	0	32	1	1	712918.7903225806	-0.0009765625
5	0	33	1	1	713086.8652849741	-0.0009765625
5	0	0	0	0	134.86082588119467	194.2308293530756
5	0	1	0	0	133.5773717222608	177.89685786438713
5	0	2	0	0	279.206966212096	2203.582577919184
5	0	3	0	0	124.93267424401482	168.89811147365825
5	0	4	0	0	239.027275961381	2182.701022502356
5	0	5	0	0	156.2412177138562	196.8122296211237
5	0	6	0	0	138.14855331671677	201.9466635240953
5	0	7	0	0	132.50179448543875	177.96659984380898
5	0	8	0	0	133.96001251183938	179.55789060310096
5	0	9	0	0	142.26407010824437	205.45717994827191
5	0	10	0	0	151.58609176775855	2151.1808984889294
5	0	11	0	0	155.73287937167763	2143.1028454488865
5	0	12	0	0	130.69658173631174	189.52766762934164
5	0	13	0	0	159.72326662703713	204.24426326128815
5	0	14	0	0	114.07592348857658	161.9351681212515
5	0	15	0	0	118.53655716452253	210.16187109076913
5	0	16	0	0	129.80309103239026	176.6618859293119
5	0	17	0	0	143.29417818951384	180.2347518685396
5	0	18	0	0	136.63018417263348	359.66011504082877
5	0	19	0	0	117.15278859072303	280.00000279457674
5	0	20	0	0	73.82879741190504	280.0000000000006
5	0	21	0	0	117.50781619082096	354.3900293939793
5	0	22	0	0	140.4096728459747	283.42615273348497
5	0	23	0	0	121.49036709015007	238.5657423595692
5	0	24	0	0	140.72519083769873	207.77626005694947
5	0	25	0	0	122.58922057904027	171.19783511322356
5	0	26	0	0	135.62601599351086	176.09421347399078
5	0	27	0	0	132.8519621844845	179.790066676486
5	0	28	0	0	133.61260232344924	178.02883009586694
5	0	29	0	0	138.93161925501283	174.5258471984204
5	0	30	0	0	123.12878042350488	193.96696023506965
5	0	31	0	0	122.72589279681546	177.20219044501832
5	0	32	0	0	125.58829549932265	195.65777584520137
5	0	33	0	0	123.71392639213511	178.12445812478788
5	0	0	0	1	178.43436953395758	248.9353264626853
5	0	1	0	1	171.3666660381403	218.00107236302307
5	0	2	0	1	198.8213167866391	2169.5839386486296
5	0	3	0	1	151.22278047368576	2146.584399136772
5	0	4	0	1	181.5724797855634	238.2649779710306
5	0	5	0	1	158.86636708947472	204.67716659917673
5	0	6	0	1	194.84496307572329	240.93372519956367
5	0	7	0	1	160.9660492862989	223.30867097779063
5	0	8	0	1	213.22588948231208	260.1998439181067
5	0	9	0	1	147.99260429897814	218.78682249013315
5	0	10	0	1	111.12743799657261	190.97229916283928
5	0	11	0	1	160.3074908212467	196.0690994197189
5	0	12	0	1	159.1344706266298	212.67263063122215
5	0	13	0	1	143.5015703710957	2142.3946771704977
5	0	14	0	1	150.806428712528	198.5197302919025
5	0	15	0	1	176.7059744566204	2155.5376526815153
5	0	16	0	1	152.91396846038427	236.00825665881254
5	0	17	0	1	180.72323177135536	2160.148133553331
5	0	18	0	1	151.82948708122615	466.49999961613617
5	0	19	0	1	145.63816990781652	294.06076403981797
5	0	20	0	1	151.45844120396944	331.3505829615652
5	0	21	0	1	150.12677616357806	363.6647758771457
5	0	22	0	1	174.76933270043148	377.39175352934984
5	0	23	0	1	164.49667503373288	269.29660608802436
5	0	24	0	1	165.6049064651521	214.70135157234694
5	0	25	0	1	143.77458798069574	213.11373808281292
5	0	26	0	1	145.78374144439297	2142.6507344521674
5	0	27	0	1	159.2983588450519	2147.381076984291
5	0	28	0	1	151.18008841763196	2142.100586372666
5	0	29	0	1	173.35204652230235	209.83238549148427
5	0	30	0	1	146.85128289915687	228.28827857212045
5	0	31	0	1	139.5529054152928	2135.7497593668413
5	0	32	0	1	170.97041482272746	2151.243271629538
5	0	33	0	1	161.63233337091808	212.80632562322626
6	0	0	1	0	1.000000e+00	-9.765625e-04
6	0	1	1	0	1.000000e+00	-9.765625e-04
6	0	2	1	0	1.000000e+00	-9.765625e-04
6	0	3	1	0	1.000000e+00	-9.765625e-04
6	0	4	1	0	1.000000e+00	-9.765625e-04
6	0	5	1	0	1.000000e+00	-9.765625e-04
6	0	6	1	0	1.000000e+00	-9.765625e-04
6	0	7	1	0	1.000000e+00	-9.765625e-04
6	0	0	1	1	1.000000e+00	-9.765625e-04
6	0	1	1	1	1.000000e+00	-9.765625e-04
6	0	2	1	1	1.000000e+00	-9.765625e-04
6	0	3	1	1	1.000000e+00	-9.765625e-04
6	0	4	1	1	1.000000e+00	-9.765625e-04
6	0	5	1	1	1.000000e+00	-9.765625e-04
6	0	6	1	1	1.000000e+00	-9.765625e-04
6	0	7	1	1	1.000000e+00	-9.765625e-04
6	0	0	0	0	0.000000e+00	1.000000e+00
6	0	1	0	0	0.000000e+00	1.000000e+00
6	0	2	0	0	0.000000e+00	1.000000e+00
6	0	3	0	0	0.000000e+00	1.000000e+00
6	0	4	0	0	0.000000e+00	1.000000e+00
6	0	5	0	0	0.000000e+00	1.000000e+00
6	0	6	0	0	0.000000e+00	1.000000e+00
6	0	7	0	0	0.000000e+00	1.000000e+00
6	0	0	0	1	0.000000e+00	1.000000e+00
6	0	1	0	1	0.000000e+00	1.000000e+00
6	0	2	0	1	0.000000e+00	1.000000e+00
6	0	3	0	1	0.000000e+00	1.000000e+00
6	0	4	0	1	0.000000e+00	1.000000e+00
6	0	5	0	1	0.000000e+00	1.000000e+00
6	0	6	0	1	0.000000e+00	1.000000e+00
6	0	7	0	1	0.000000e+00	1.000000e+00
7	0	0	1	0	1.000000e+00	-9.765625e-04
7	0	0	1	1	1.000000e+00	-9.765625e-04
7	0	0	0	0	0.000000e+00	1.000000e+00
7	0	0	0	1	0.000000e+00	1.000000e+00
8	0	0	1	0	1.000000e+00	-9.765625e-04
8	0	1	1	0	1.000000e+00	-9.765625e-04
8	0	2	1	0	1.000000e+00	-9.765625e-04
8	0	3	1	0	1.000000e+00	-9.765625e-04
8	0	4	1	0	1.000000e+00	-9.765625e-04
8	0	5	1	0	1.000000e+00	-9.765625e-04
8	0	6	1	0	1.000000e+00	-9.765625e-04
8	0	7	1	0	1.000000e+00	-9.765625e-04
8	0	0	1	1	1.000000e+00	-9.765625e-04
8	0	1	1	1	1.000000e+00	-9.765625e-04
8	0	2	1	1	1.000000e+00	-9.765625e-04
8	0	3	1	1	1.000000e+00	-9.765625e-04
8	0	4	1	1	1.000000e+00	-9.765625e-04
8	0	5	1	1	1.000000e+00	-9.765625e-04
8	0	6	1	1	1.000000e+00	-9.765625e-04
8	0	7	1	1	1.000000e+00	-9.765625e-04
8	0	0	0	0	0.000000e+00	1.000000e+00
8	0	1	0	0	0.000000e+00	1.000000e+00
8	0	2	0	0	0.000000e+00	1.000000e+00
8	0	3	0	0	0.000000e+00	1.000000e+00
8	0	4	0	0	0.000000e+00	1.000000e+00
8	0	5	0	0	0.000000e+00	1.000000e+00
8	0	6	0	0	0.000000e+00	1.000000e+00
8	0	7	0	0	0.000000e+00	1.000000e+00
8	0	0	0	1	0.000000e+00	1.000000e+00
8	0	1	0	1	0.000000e+00	1.000000e+00
8	0	2	0	1	0.000000e+00	1.000000e+00
8	0	3	0	1	0.000000e+00	1.000000e+00
8	0	4	0	1	0.000000e+00	1.000000e+00
8	0	5	0	1	0.000000e+00	1.000000e+00
8	0	6	0	1	0.000000e+00	1.000000e+00
8	0	7	0	1	0.000000e+00	1.000000e+00
9	0	0	1	0	1.000000e+00	-9.765625e-04
9	0	0	1	1	1.000000e+00	-9.765625e-04
9	0	0	0	0	0.000000e+00	1.000000e+00
9	0	0	0	1	0.000000e+00	1.000000e+00
10	0	0	1	0	1.000000e+00	-9.765625e-04
10	0	1	1	0	1.000000e+00	-9.765625e-04
10	0	2	1	0	1.000000e+00	-9.765625e-04
10	0	3	1	0	1.000000e+00	-9.765625e-04
10	0	4	1	0	1.000000e+00	-9.765625e-04
10	0	0	1	1	1.000000e+00	-9.765625e-04
10	0	1	1	1	1.000000e+00	-9.765625e-04
10	0	2	1	1	1.000000e+00	-9.765625e-04
10	0	3	1	1	1.000000e+00	-9.765625e-04
10	0	4	1	1	1.000000e+00	-9.765625e-04
99	0	0	1	0	7.3208300e+02	-8.3333300e-01
99	0	1	1	0	7.3208300e+02	-8.3333300e-01
99	0	2	1	0	7.7291600e+02	-8.3333300e-01
99	0	3	1	0	7.5791600e+02	-8.3333300e-01
99	0	4	1	0	7.6041600e+02	-8.3333300e-01
99	0	5	1	0	7.5791600e+02	-8.3333300e-01
99	0	6	1	0	7.5208300e+02	-8.3333300e-01
99	0	7	1	0	7.5208300e+02	-8.3333300e-01
99	0	8	1	0	7.5625000e+02	-8.3333300e-01
99	0	9	1	0	7.5291600e+02	-8.3333300e-01
99	0	10	1	0	7.5208300e+02	-8.3333300e-01
99	0	11	1	0	7.5291600e+02	-8.3333300e-01
99	0	12	1	0	7.4458300e+02	-8.3333300e-01
99	0	13	1	0	7.4375000e+02	-8.3333300e-01
99	0	14	1	0	7.5000000e+02	-8.3333300e-01
99	0	15	1	0	7.5000000e+02	-8.3333300e-01
99	0	16	1	0	7.5208300e+02	-8.3333300e-01
99	0	17	1	0	7.5208300e+02	-8.3333300e-01
99	0	18	1	0	7.5625000e+02	-8.3333300e-01
99	0	19	1	0	7.5291600e+02	-8.3333300e-01
99	0	20	1	0	7.5208300e+02	-8.3333300e-01
99	0	21	1	0	7.5291600e+02	-8.3333300e-01
99	0	22	1	0	7.4458300e+02	-8.3333300e-01
99	0	23	1	0	7.4375000e+02	-8.3333300e-01
99	0	24	1	0	7.5000000e+02	-8.3333300e-01
99	0	25	1	0	7.5000000e+02	-8.3333300e-01
99	0	26	1	0	7.5208300e+02	-8.3333300e-01
99	0	27	1	0	7.5208300e+02	-8.3333300e-01
99	0	28	1	0	7.5625000e+02	-8.3333300e-01
99	0	29	1	0	7.5291600e+02	-8.3333300e-01
99	0	30	1	0	7.5208300e+02	-8.3333300e-01
99	0	31	1	0	7.5291600e+02	-8.3333300e-01
