#CId	PlId	SegId	AorT	UorD	p0	p1
1	0	0	1	0	1417534.4	-0.0009765625
1	0	1	1	0	1416320.8333333333	-0.0009765625
1	0	2	1	0	1416870.9677419355	-0.0009765625
1	0	3	1	0	1417183.3333333333	-0.0009765625
1	0	4	1	0	1416376.6666666667	-0.0009765625
1	0	5	1	0	1417278.0555555555	-0.0009765625
1	0	6	1	0	1417463.4246575343	-0.0009765625
1	0	7	1	0	1417226.7088607594	-0.0009765625
1	0	8	1	0	1416505.8904109588	-0.0009765625
1	0	9	1	0	1417838.6	-0.0009765625
1	0	10	1	0	1417604.693877551	-0.0009765625
1	0	11	1	0	1417446.551724138	-0.0009765625
1	0	12	1	0	1417385.2136752137	-0.0009765625
1	0	13	1	0	1418121.686746988	-0.0009765625
1	0	14	1	0	1417655.7489878542	-0.0009765625
1	0	15	1	0	1418399.8737035731	-0.0009765625
1	0	16	1	0	1418111.8414902186	-0.0009765625
1	0	17	1	0	1419142.675224829	-0.0009765625
1	0	18	1	0	1418749.317575374	-0.0009765625
1	0	19	1	0	1419049.9754701129	-0.0009765625
1	0	20	1	0	1419481.3817407868	-0.0009765625
1	0	21	1	0	1419532.842554572	-0.0009765625
1	0	22	1	0	1419715.0264478445	-0.0009765625
1	0	23	1	0	1419025.620891012	-0.0009765625
1	0	24	1	0	1419225.9754556376	-0.0009765625
1	0	25	1	0	1419516.5624414126	-0.0009765625
1	0	26	1	0	1419637.3581685456	-0.0009765625
1	0	27	1	0	1419071.9903358424	-0.0009765625
1	0	28	1	0	1419440.7224951235	-0.0009765625
1	0	29	1	0	1419504.2178523357	-0.0009765625
1	0	30	1	0	1419655.2280245658	-0.0009765625
1	0	31	1	0	1417909.260402961	-0.0009765625
1	0	32	1	0	1418373.6466800314	-0.0009765625
1	0	33	1	0	1418167.3402844518	-0.0009765625
1	0	34	1	0	1418722.4759280218	-0.0009765625
1	0	35	1	0	1418975.495895985	-0.0009765625
1	0	36	1	0	1418771.1977967296	-0.0009765625
1	0	37	1	0	1419174.7276123832	-0.0009765625
1	0	38	1	0	1418755.831323139	-0.0009765625
1	0	39	1	0	1419090.5568387783	-0.0009765625
1	0	40	1	0	1418403.3639553268	-0.0009765625
1	0	41	1	0	1419055.0930119075	-0.0009765625
1	0	42	1	0	1418720.0636817187	-0.0009765625
1	0	43	1	0	1419256.389756358	-0.0009765625
1	0	44	1	0	1418552.723706143	-0.0009765625
1	0	45	1	0	1419299.4246056534	-0.0009765625
1	0	46	1	0	1418491.327867348	-0.0009765625
1	0	47	1	0	1418960.2562848388	-0.0009765625
1	0	48	1	0	1418378.7084952046	-0.0009765625
1	0	49	1	0	1419218.3782527226	-0.0009765625
1	0	50	1	0	1418539.7965557713	-0.0009765625
1	0	51	1	0	1418818.3366542193	-0.0009765625
1	0	52	1	0	1418897.1319515824	-0.0009765625
1	0	53	1	0	1419183.719883561	-0.0009765625
1	0	54	1	0	1419103.5227220505	-0.0009765625
1	0	55	1	0	1419385.1582333988	-0.0009765625
1	0	56	1	0	1418882.002751887	-0.0009765625
1	0	57	1	0	1419298.5409166599	-0.0009765625
1	0	58	1	0	1418979.9958045515	-0.0009765625
1	0	59	1	0	1419485.8714156991	-0.0009765625
1	0	60	1	0	1418933.617905166	-0.0009765625
1	0	61	1	0	1419686.93381363	-0.0009765625
1	0	62	1	0	1419264.5138422365	-0.0009765625
1	0	0	1	1	1419626.862745098	-0.0009765625
1	0	1	1	1	1419184.1176470588	-0.0009765625
1	0	2	1	1	1418104.1935483871	-0.0009765625
1	0	3	1	1	1419589.076923077	-0.0009765625
1	0	4	1	1	1418600.8771929825	-0.0009765625
1	0	5	1	1	1419568.309859155	-0.0009765625
1	0	6	1	1	1418778.2666666666	-0.0009765625
1	0	7	1	1	1418539.3023255814	-0.0009765625
1	0	8	1	1	1418397.594936709	-0.0009765625
1	0	9	1	1	1419923.7037037036	-0.0009765625
1	0	10	1	1	1418996.4077669904	-0.0009765625
1	0	11	1	1	1419466.347826087	-0.0009765625
1	0	12	1	1	1418702.96	-0.0009765625
1	0	13	1	1	1419555.8959537572	-0.0009765625
1	0	14	1	1	1418649.203187251	-0.0009765625
1	0	15	1	1	1420048.701844658	-0.0009765625
1	0	16	1	1	1419606.5226534333	-0.0009765625
1	0	17	1	1	1420800.0061657282	-0.0009765625
1	0	18	1	1	1419473.3808240595	-0.0009765625
1	0	19	1	1	1420380.0449132535	-0.0009765625
1	0	20	1	1	1419594.6132277302	-0.0009765625
1	0	21	1	1	1420494.7554103618	-0.0009765625
1	0	22	1	1	1419303.3666051629	-0.0009765625
1	0	23	1	1	1419970.5707136665	-0.0009765625
1	0	24	1	1	1419709.9827646953	-0.0009765625
1	0	25	1	1	1420447.253682362	-0.0009765625
1	0	26	1	1	1419259.6858127236	-0.0009765625
1	0	27	1	1	1419826.9916344397	-0.0009765625
1	0	28	1	1	1419436.5783413488	-0.0009765625
1	0	29	1	1	1419140.0894643108	-0.0009765625
1	0	30	1	1	1418821.321620573	-0.0009765625
1	0	31	1	1	1418554.3087496886	-0.0009765625
1	0	32	1	1	1420147.2643534462	-0.0009765625
1	0	33	1	1	1419944.6543945803	-0.0009765625
1	0	34	1	1	1419680.7333515834	-0.0009765625
1	0	35	1	1	1419505.5679247414	-0.0009765625
1	0	36	1	1	1419883.5818377808	-0.0009765625
1	0	37	1	1	1419840.2270407712	-0.0009765625
1	0	38	1	1	1419263.3714051677	-0.0009765625
1	0	39	1	1	1419482.9024920175	-0.0009765625
1	0	40	1	1	1419770.0158359369	-0.0009765625
1	0	41	1	1	1419646.6934072275	-0.0009765625
1	0	42	1	1	1419335.5287792764	-0.0009765625
1	0	43	1	1	1419039.7622313756	-0.0009765625
1	0	44	1	1	1418431.2686862247	-0.0009765625
1	0	45	1	1	1419062.3872786246	-0.0009765625
1	0	46	1	1	1417812.2465503612	-0.0009765625
1	0	47	1	1	1418593.4257688823	-0.0009765625
1	0	48	1	1	1417952.8407237555	-0.0009765625
1	0	49	1	1	1418782.4665385284	-0.0009765625
1	0	50	1	1	1417462.7312003372	-0.0009765625
1	0	51	1	1	1418062.370193016	-0.0009765625
1	0	52	1	1	1417672.484055711	-0.0009765625
1	0	53	1	1	1418264.8798084003	-0.0009765625
1	0	54	1	1	1417417.6415934719	-0.0009765625
1	0	55	1	1	1418098.8040421982	-0.0009765625
1	0	56	1	1	1418047.551082185	-0.0009765625
1	0	57	1	1	1418409.5278987375	-0.0009765625
1	0	58	1	1	1417562.6293572176	-0.0009765625
1	0	59	1	1	1417981.9404109977	-0.0009765625
1	0	60	1	1	1418465.1702788144	-0.0009765625
1	0	61	1	1	1418447.0970635575	-0.0009765625
1	0	62	1	1	1418260.655051199	-0.0009765625
1	0	0	0	0	0.0	8.915411832849124
1	0	1	0	0	0.0	8.284830132424597
1	0	2	0	0	0.0	9.613389222754993
1	0	3	0	0	0.0	8.624258874665411
1	0	4	0	0	0.0	9.073738852691024
1	0	5	0	0	0.0	8.821932087543848
1	0	6	0	0	0.0	9.411243063372881
1	0	7	0	0	0.0	7.5158850912001425
1	0	8	0	0	0.0	9.229747968709578
1	0	9	0	0	0.0	8.191352659660723
1	0	10	0	0	0.0	8.809087711817192
1	0	11	0	0	0.0	7.9528504978777095
1	0	12	0	0	0.0	9.3439431516522
1	0	13	0	0	0.0	8.202224805032841
1	0	14	0	0	0.0	9.316689249417395
1	0	15	0	0	0.0	7.874098548846571
1	0	16	0	0	0.0	8.902710383321022
1	0	17	0	0	0.0	8.520690083525697
1	0	18	0	0	0.0	8.982074503391164
1	0	19	0	0	0.0	8.139295838705202
1	0	20	0	0	0.0	8.763659152537057
1	0	21	0	0	0.0	8.628599773672722
1	0	22	0	0	0.0	8.755591596932955
1	0	23	0	0	0.0	7.631756936645386
1	0	24	0	0	0.0	8.980581302159804
1	0	25	0	0	0.0	8.65061716513696
1	0	26	0	0	0.0	8.984945894121838
1	0	27	0	0	0.0	8.188988373559662
1	0	28	0	0	0.0	8.862558025152362
1	0	29	0	0	0.0	8.891819830404753
1	0	30	0	0	0.0	8.811012987818096
1	0	31	0	0	0.0	8.258298466377791
1	0	32	0	0	0.0	9.039339883705416
1	0	33	0	0	0.0	8.699179960138077
1	0	34	0	0	0.0	8.868397023035078
1	0	35	0	0	0.0	8.223660003859905
1	0	36	0	0	0.0	9.027084090930677
1	0	37	0	0	0.0	8.503592197067357
1	0	38	0	0	0.0	8.760011287014777
1	0	39	0	0	0.0	8.181565788025871
1	0	40	0	0	0.0	9.036672095820046
1	0	41	0	0	0.0	8.343116057994052
1	0	42	0	0	0.0	9.123100691450547
1	0	43	0	0	0.0	8.218129570623947
1	0	44	0	0	0.0	9.043119699188312
1	0	45	0	0	0.0	8.607018659245055
1	0	46	0	0	0.0	8.946428390910787
1	0	47	0	0	0.0	8.59860442186728
1	0	48	0	0	0.0	9.357853024332853
1	0	49	0	0	0.0	8.731206267768505
1	0	50	0	0	0.0	8.900010950722699
1	0	51	0	0	0.0	8.021159858308627
1	0	52	0	0	0.0	9.075205253968887
1	0	53	0	0	0.0	8.631931488542095
1	0	54	0	0	0.0	9.260046663627609
1	0	55	0	0	0.0	8.188803854476415
1	0	56	0	0	0.0	9.22324527442228
1	0	57	0	0	0.0	8.890428597864586
1	0	58	0	0	0.0	8.894468861575563
1	0	59	0	0	0.0	8.169367212861788
1	0	60	0	0	0.0	9.221037035135296
1	0	61	0	0	0.0	9.108511137618544
1	0	62	0	0	0.0	9.533040201652792
1	0	0	0	1	0.0	9.32032537142122
1	0	1	0	1	0.0	9.689333385927643
1	0	2	0	1	0.0	9.788984473461396
1	0	3	0	1	0.0	9.712031817872305
1	0	4	0	1	0.0	8.959981297516117
1	0	5	0	1	0.0	9.295015877931323
1	0	6	0	1	0.0	9.42503568322472
1	0	7	0	1	0.0	8.660015212599399
1	0	8	0	1	0.0	8.85719639200404
1	0	9	0	1	0.0	8.733808629010234
1	0	10	0	1	0.0	8.94002153459632
1	0	11	0	1	0.0	8.882078622676378
1	0	12	0	1	0.0	9.08084021734752
1	0	13	0	1	0.0	8.637475017167787
1	0	14	0	1	0.0	8.484859576695758
1	0	15	0	1	0.0	8.824325802037807
1	0	16	0	1	0.0	8.819729420917458
1	0	17	0	1	0.0	8.944486874292432
1	0	18	0	1	0.0	9.089896955800446
1	0	19	0	1	0.0	9.072601227928212
1	0	20	0	1	0.0	8.920790046315528
1	0	21	0	1	0.0	8.890053362619561
1	0	22	0	1	0.0	8.950281490811907
1	0	23	0	1	0.0	8.811741709478264
1	0	24	0	1	0.0	8.664119725918559
1	0	25	0	1	0.0	8.772444802562006
1	0	26	0	1	0.0	8.73058425667166
1	0	27	0	1	0.0	8.868467298797182
1	0	28	0	1	0.0	8.879630132391082
1	0	29	0	1	0.0	9.050538969754028
1	0	30	0	1	0.0	8.970472922610343
1	0	31	0	1	0.0	8.996902345221903
1	0	32	0	1	0.0	8.908110787219744
1	0	33	0	1	0.0	8.793270767277
1	0	34	0	1	0.0	8.83096350875283
1	0	35	0	1	0.0	8.713066183535634
1	0	36	0	1	0.0	8.991499474545584
1	0	37	0	1	0.0	8.670326798154129
1	0	38	0	1	0.0	8.790663610870777
1	0	39	0	1	0.0	8.900954289109205
1	0	40	0	1	0.0	8.667380160136828
1	0	41	0	1	0.0	8.580037194198253
1	0	42	0	1	0.0	8.92980677704101
1	0	43	0	1	0.0	8.724796122227298
1	0	44	0	1	0.0	8.804498458859857
1	0	45	0	1	0.0	8.70048074250932
1	0	46	0	1	0.0	8.825011202677842
1	0	47	0	1	0.0	9.051574170315462
1	0	48	0	1	0.0	9.031377302010661
1	0	49	0	1	0.0	9.018659145528115
1	0	50	0	1	0.0	8.651322021892707
1	0	51	0	1	0.0	8.422608995196622
1	0	52	0	1	0.0	8.619804871870071
1	0	53	0	1	0.0	8.57715850133561
1	0	54	0	1	0.0	9.090156825939912
1	0	55	0	1	0.0	9.006443394246597
1	0	56	0	1	0.0	8.175032775909207
1	0	57	0	1	0.0	8.847712238011086
1	0	58	0	1	0.0	8.419200029737537
1	0	59	0	1	0.0	8.926082237895521
1	0	60	0	1	0.0	8.705984857553158
1	0	61	0	1	0.0	9.056844911060864
1	0	62	0	1	0.0	8.937860430002681
3	0	0	1	0	723305.3409090909	-0.0009765625
3	0	1	1	0	722684.4791666666	-0.0009765625
3	0	2	1	0	723799.1516245487	-0.0009765625
3	0	3	1	0	723832.0890447242	-0.0009765625
3	0	4	1	0	724623.643673147	-0.0009765625
3	0	5	1	0	725118.0885605003	-0.0009765625
3	0	6	1	0	723978.2382889023	-0.0009765625
3	0	7	1	0	723998.8380454471	-0.0009765625
3	0	8	1	0	724859.7074771313	-0.0009765625
3	0	9	1	0	724696.5008353483	-0.0009765625
3	0	10	1	0	723963.9810447773	-0.0009765625
3	0	11	1	0	723383.9583333334	-0.0009765625
3	0	12	1	0	723333.7404580152	-0.0009765625
3	0	13	1	0	722757.1951219512	-0.0009765625
3	0	14	1	0	722788.8172043011	-0.0009765625
3	0	0	1	1	726332.6666666666	-0.0009765625
3	0	1	1	1	725456.1340206185	-0.0009765625
3	0	2	1	1	727326.3620071685	-0.0009765625
3	0	3	1	1	727100.9522772616	-0.0009765625
3	0	4	1	1	726791.0288890788	-0.0009765625
3	0	5	1	1	727362.2834573818	-0.0009765625
3	0	6	1	1	727292.3645332673	-0.0009765625
3	0	7	1	1	727489.1110996442	-0.0009765625
3	0	8	1	1	728147.5887759263	-0.0009765625
3	0	9	1	1	727694.5003376579	-0.0009765625
3	0	10	1	1	727782.163195835	-0.0009765625
3	0	11	1	1	726238.1615120275	-0.0009765625
3	0	12	1	1	726309.8461538461	-0.0009765625
3	0	13	1	1	725624.7607655502	-0.0009765625
3	0	14	1	1	725982.2631578947	-0.0009765625
3	0	0	1	2	-0.28084224454200374	1.0
3	0	1	1	2	-0.8059811600896658	1.0
3	0	2	1	2	-0.014078555147847267	1.0
3	0	3	1	2	0.38551281392262793	1.0
3	0	4	1	2	-0.40287590482479096	1.0
3	0	5	1	2	0.563038359915393	1.0
3	0	6	1	2	-0.3833870870282265	1.0
3	0	7	1	2	0.31957340359039843	1.0
3	0	8	1	2	-0.2528443770664335	1.0
3	0	9	1	2	-0.11282206519649987	1.0
3	0	10	1	2	-0.5946960628445148	1.0
3	0	11	1	2	-0.6577163110638331	1.0
3	0	12	1	2	-0.8752422596912386	1.0
3	0	13	1	2	-0.9187515113081522	1.0
3	0	14	1	2	-0.9160256565981214	1.0
3	0	0	0	0	116.24523520046952	173.835
3	0	1	0	0	144.4585776804452	267.79862133893346
3	0	2	0	0	99.54913102247906	260.31245930923075
3	0	3	0	0	132.95211124141474	299.0205336641675
3	0	4	0	0	123.82584082206887	252.84767816322648
3	0	5	0	0	126.58175019153354	280.5021004904043
3	0	6	0	0	125.91295014571273	216.0204641586374
3	0	7	0	0	120.19075540262196	302.6770873259855
3	0	8	0	0	111.82450151871993	265.6385067542651
3	0	9	0	0	108.06275769440136	271.3899359360897
3	0	10	0	0	137.50908675205693	266.10140808577825
3	0	11	0	0	112.89831555365458	2.17984e+02
3	0	12	0	0	108.99122495585684	2.87821e+02
3	0	13	0	0	93.0485366860683	266.7888373459713
3	0	14	0	0	140.4929408100734	2.76584e+02
3	0	0	0	1	123.40312367618382	2.74998e+02
3	0	1	0	1	104.85912697635388	241.9201529121763
3	0	2	0	1	115.83633955881395	271.859600949106
3	0	3	0	1	87.9612254973302	259.1095814859558
3	0	4	0	1	123.24389276865244	271.95287601453884
3	0	5	0	1	103.45832646488022	246.00301211314132
3	0	6	0	1	102.2412239169086	236.42532846272042
3	0	7	0	1	107.13600770279248	259.31460736584285
3	0	8	0	1	120.2555977588408	248.64213862012508
3	0	9	0	1	103.24591576405774	234.07215312824263
3	0	10	0	1	116.0444131204866	2.30287e+02
3	0	11	0	1	113.42199213338395	252.86950993623753
3	0	12	0	1	110.17966381475154	259.8873910779651
3	0	13	0	1	104.71616238749576	271.97821371139054
3	0	14	0	1	111.31906167248134	280.4972215057756
4	0	0	1	0	1.000000e+00	-9.765625e-04
4	0	1	1	0	1.000000e+00	-9.765625e-04
4	0	2	1	0	1.000000e+00	-9.765625e-04
4	0	3	1	0	1.000000e+00	-9.765625e-04
4	0	0	1	1	1.000000e+00	-9.765625e-04
4	0	1	1	1	1.000000e+00	-9.765625e-04
4	0	2	1	1	1.000000e+00	-9.765625e-04
4	0	3	1	1	1.000000e+00	-9.765625e-04
4	0	0	0	0	0.000000e+00	1.000000e+00
4	0	1	0	0	0.000000e+00	1.000000e+00
4	0	2	0	0	0.000000e+00	1.000000e+00
4	0	3	0	0	0.000000e+00	1.000000e+00
4	0	0	0	1	0.000000e+00	1.000000e+00
4	0	1	0	1	0.000000e+00	1.000000e+00
4	0	2	0	1	0.000000e+00	1.000000e+00
4	0	3	0	1	0.000000e+00	1.000000e+00
5	0	0	1	0	713553.8662266245	-0.0009765625
5	0	1	1	0	713783.0	-0.0009765625
5	0	2	1	0	713887.9166666666	-0.0009765625
5	0	3	1	0	713916.5217391305	-0.0009765625
5	0	4	1	0	714527.5974025974	-0.0009765625
5	0	5	1	0	712326.0234181393	-0.0009765625
5	0	6	1	0	713032.8195488722	-0.0009765625
5	0	7	1	0	710832.7205882353	-0.0009765625
5	0	8	1	0	711608.4693877551	-0.0009765625
5	0	9	1	0	711865.0	-0.0009765625
5	0	10	1	0	710854.5744680851	-0.0009765625
5	0	11	1	0	710041.0344827586	-0.0009765625
5	0	12	1	0	709885.487804878	-0.0009765625
5	0	13	1	0	711114.3548387097	-0.0009765625
5	0	14	1	0	711895.2702702703	-0.0009765625
5	0	15	1	0	709586.4925373135	-0.0009765625
5	0	16	1	0	710788.164556962	-0.0009765625
5	0	17	1	0	711698.1521739131	-0.0009765625
5	0	18	1	0	711137.5892857143	-0.0009765625
5	0	19	1	0	710524.2340425532	-0.0009765625
5	0	20	1	0	711804.5851782894	-0.0009765625
5	0	21	1	0	712163.1225706907	-0.0009765625
5	0	22	1	0	711733.4409107121	-0.0009765625
5	0	23	1	0	711597.0953394801	-0.0009765625
5	0	24	1	0	713448.6547526851	-0.0009765625
5	0	25	1	0	712836.4285714285	-0.0009765625
5	0	26	1	0	712962.7099236641	-0.0009765625
5	0	27	1	0	711200.9550561798	-0.0009765625
5	0	28	1	0	711401.0606060605	-0.0009765625
5	0	29	1	0	710943.125	-0.0009765625
5	0	30	1	0	712032.0731707317	-0.0009765625
5	0	31	1	0	711941.043956044	-0.0009765625
5	0	32	1	0	713805.0769230769	-0.0009765625
5	0	33	1	0	714057.8695652174	-0.0009765625
5	0	0	1	1	715320.7881979076	-0.0009765625
5	0	1	1	1	714499.0677966102	-0.0009765625
5	0	2	1	1	713644.8507462686	-0.0009765625
5	0	3	1	1	714886.875	-0.0009765625
5	0	4	1	1	713685.8641975309	-0.0009765625
5	0	5	1	1	713246.979419357	-0.0009765625
5	0	6	1	1	712457.8947368421	-0.0009765625
5	0	7	1	1	713587.0	-0.0009765625
5	0	8	1	1	712040.6862745098	-0.0009765625
5	0	9	1	1	712651.3636363636	-0.0009765625
5	0	10	1	1	711389.0384615385	-0.0009765625
5	0	11	1	1	710439.6551724138	-0.0009765625
5	0	12	1	1	711640.7142857143	-0.0009765625
5	0	13	1	1	711404.1666666666	-0.0009765625
5	0	14	1	1	710450.0	-0.0009765625
5	0	15	1	1	710055.3921568628	-0.0009765625
5	0	16	1	1	710090.064935065	-0.0009765625
5	0	17	1	1	710110.7291666666	-0.0009765625
5	0	18	1	1	709656.2295081967	-0.0009765625
5	0	19	1	1	709496.3716814159	-0.0009765625
5	0	20	1	1	710988.1699369018	-0.0009765625
5	0	21	1	1	711325.295736114	-0.0009765625
5	0	22	1	1	712238.8857195817	-0.0009765625
5	0	23	1	1	711126.8817722274	-0.0009765625
5	0	24	1	1	711582.5464331948	-0.0009765625
5	0	25	1	1	711253.8461538461	-0.0009765625
5	0	26	1	1	709959.1984732824	-0.0009765625
5	0	27	1	1	709313.4705882353	-0.0009765625
5	0	28	1	1	710348.1168831169	-0.0009765625
5	0	29	1	1	710281.8421052631	-0.0009765625
5	0	30	1	1	712105.3529411765	-0.0009765625
5	0	31	1	1	712614.7701149426	-0.0009765625
5	0	32	1	1	712918.7903225806	-0.0009765625
5	0	33	1	1	713086.8652849741	-0.0009765625
5	0	0	0	0	134.86082588119467	194.2308293530756
5	0	1	0	0	133.5773717222608	177.89685786438713
5	0	2	0	0	279.206966212096	2203.582577919184
5	0	3	0	0	124.93267424401482	168.89811147365825
5	0	4	0	0	239.027275961381	2182.701022502356
5	0	5	0	0	156.2412177138562	196.8122296211237
5	0	6	0	0	138.14855331671677	201.9466635240953
5	0	7	0	0	132.50179448543875	177.96659984380898
5	0	8	0	0	133.96001251183938	179.55789060310096
5	0	9	0	0	142.26407010824437	205.45717994827191
5	0	10	0	0	151.58609176775855	2151.1808984889294
5	0	11	0	0	155.73287937167763	2143.1028454488865
5	0	12	0	0	130.69658173631174	189.52766762934164
5	0	13	0	0	159.72326662703713	204.24426326128815
5	0	14	0	0	114.07592348857658	161.9351681212515
5	0	15	0	0	118.53655716452253	210.16187109076913
5	0	16	0	0	129.80309103239026	176.6618859293119
5	0	17	0	0	143.29417818951384	180.2347518685396
5	0	18	0	0	136.63018417263348	359.66011504082877
5	0	19	0	0	117.15278859072303	280.00000279457674
5	0	20	0	0	73.82879741190504	280.0000000000006
5	0	21	0	0	117.50781619082096	354.3900293939793
5	0	22	0	0	140.4096728459747	283.42615273348497
5	0	23	0	0	121.49036709015007	238.5657423595692
5	0	24	0	0	140.72519083769873	207.77626005694947
5	0	25	0	0	122.58922057904027	171.19783511322356
5	0	26	0	0	135.62601599351086	176.09421347399078
5	0	27	0	0	132.8519621844845	179.790066676486
5	0	28	0	0	133.61260232344924	178.02883009586694
5	0	29	0	0	138.93161925501283	174.5258471984204
5	0	30	0	0	123.12878042350488	193.96696023506965
5	0	31	0	0	122.72589279681546	177.20219044501832
5	0	32	0	0	125.58829549932265	195.65777584520137
5	0	33	0	0	123.71392639213511	178.12445812478788
5	0	0	0	1	178.43436953395758	248.9353264626853
5	0	1	0	1	171.3666660381403	218.00107236302307
5	0	2	0	1	198.8213167866391	2169.5839386486296
5	0	3	0	1	151.22278047368576	2146.584399136772
5	0	4	0	1	181.5724797855634	238.2649779710306
5	0	5	0	1	158.86636708947472	204.67716659917673
5	0	6	0	1	194.84496307572329	240.93372519956367
5	0	7	0	1	160.9660492862989	223.30867097779063
5	0	8	0	1	213.22588948231208	260.1998439181067
5	0	9	0	1	147.99260429897814	218.78682249013315
5	0	10	0	1	111.12743799657261	190.97229916283928
5	0	11	0	1	160.3074908212467	196.0690994197189
5	0	12	0	1	159.1344706266298	212.67263063122215
5	0	13	0	1	143.5015703710957	2142.3946771704977
5	0	14	0	1	150.806428712528	198.5197302919025
5	0	15	0	1	176.7059744566204	2155.5376526815153
5	0	16	0	1	152.91396846038427	236.00825665881254
5	0	17	0	1	180.72323177135536	2160.148133553331
5	0	18	0	1	151.82948708122615	466.49999961613617
5	0	19	0	1	145.63816990781652	294.06076403981797
5	0	20	0	1	151.45844120396944	331.3505829615652
5	0	21	0	1	150.12677616357806	363.6647758771457
5	0	22	0	1	174.76933270043148	377.39175352934984
5	0	23	0	1	164.49667503373288	269.29660608802436
5	0	24	0	1	165.6049064651521	214.70135157234694
5	0	25	0	1	143.77458798069574	213.11373808281292
5	0	26	0	1	145.78374144439297	2142.6507344521674
5	0	27	0	1	159.2983588450519	2147.381076984291
5	0	28	0	1	151.18008841763196	2142.100586372666
5	0	29	0	1	173.35204652230235	209.83238549148427
5	0	30	0	1	146.85128289915687	228.28827857212045
5	0	31	0	1	139.5529054152928	2135.7497593668413
5	0	32	0	1	170.97041482272746	2151.243271629538
5	0	33	0	1	161.63233337091808	212.80632562322626
6	0	0	1	0	1.000000e+00	-9.765625e-04
6	0	1	1	0	1.000000e+00	-9.765625e-04
6	0	2	1	0	1.000000e+00	-9.765625e-04
6	0	3	1	0	1.000000e+00	-9.765625e-04
6	0	4	1	0	1.000000e+00	-9.765625e-04
6	0	5	1	0	1.000000e+00	-9.765625e-04
6	0	6	1	0	1.000000e+00	-9.765625e-04
6	0	7	1	0	1.000000e+00	-9.765625e-04
6	0	0	1	1	1.000000e+00	-9.765625e-04
6	0	1	1	1	1.000000e+00	-9.765625e-04
6	0	2	1	1	1.000000e+00	-9.765625e-04
6	0	3	1	1	1.000000e+00	-9.765625e-04
6	0	4	1	1	1.000000e+00	-9.765625e-04
6	0	5	1	1	1.000000e+00	-9.765625e-04
6	0	6	1	1	1.000000e+00	-9.765625e-04
6	0	7	1	1	1.000000e+00	-9.765625e-04
6	0	0	0	0	0.000000e+00	1.000000e+00
6	0	1	0	0	0.000000e+00	1.000000e+00
6	0	2	0	0	0.000000e+00	1.000000e+00
6	0	3	0	0	0.000000e+00	1.000000e+00
6	0	4	0	0	0.000000e+00	1.000000e+00
6	0	5	0	0	0.000000e+00	1.000000e+00
6	0	6	0	0	0.000000e+00	1.000000e+00
6	0	7	0	0	0.000000e+00	1.000000e+00
6	0	0	0	1	0.000000e+00	1.000000e+00
6	0	1	0	1	0.000000e+00	1.000000e+00
6	0	2	0	1	0.000000e+00	1.000000e+00
6	0	3	0	1	0.000000e+00	1.000000e+00
6	0	4	0	1	0.000000e+00	1.000000e+00
6	0	5	0	1	0.000000e+00	1.000000e+00
6	0	6	0	1	0.000000e+00	1.000000e+00
6	0	7	0	1	0.000000e+00	1.000000e+00
7	0	0	1	0	1.000000e+00	-9.765625e-04
7	0	0	1	1	1.000000e+00	-9.765625e-04
7	0	0	0	0	0.000000e+00	1.000000e+00
7	0	0	0	1	0.000000e+00	1.000000e+00
8	0	0	1	0	1.000000e+00	-9.765625e-04
8	0	1	1	0	1.000000e+00	-9.765625e-04
8	0	2	1	0	1.000000e+00	-9.765625e-04
8	0	3	1	0	1.000000e+00	-9.765625e-04
8	0	4	1	0	1.000000e+00	-9.765625e-04
8	0	5	1	0	1.000000e+00	-9.765625e-04
8	0	6	1	0	1.000000e+00	-9.765625e-04
8	0	7	1	0	1.000000e+00	-9.765625e-04
8	0	0	1	1	1.000000e+00	-9.765625e-04
8	0	1	1	1	1.000000e+00	-9.765625e-04
8	0	2	1	1	1.000000e+00	-9.765625e-04
8	0	3	1	1	1.000000e+00	-9.765625e-04
8	0	4	1	1	1.000000e+00	-9.765625e-04
8	0	5	1	1	1.000000e+00	-9.765625e-04
8	0	6	1	1	1.000000e+00	-9.765625e-04
8	0	7	1	1	1.000000e+00	-9.765625e-04
8	0	0	0	0	0.000000e+00	1.000000e+00
8	0	1	0	0	0.000000e+00	1.000000e+00
8	0	2	0	0	0.000000e+00	1.000000e+00
8	0	3	0	0	0.000000e+00	1.000000e+00
8	0	4	0	0	0.000000e+00	1.000000e+00
8	0	5	0	0	0.000000e+00	1.000000e+00
8	0	6	0	0	0.000000e+00	1.000000e+00
8	0	7	0	0	0.000000e+00	1.000000e+00
8	0	0	0	1	0.000000e+00	1.000000e+00
8	0	1	0	1	0.000000e+00	1.000000e+00
8	0	2	0	1	0.000000e+00	1.000000e+00
8	0	3	0	1	0.000000e+00	1.000000e+00
8	0	4	0	1	0.000000e+00	1.000000e+00
8	0	5	0	1	0.000000e+00	1.000000e+00
8	0	6	0	1	0.000000e+00	1.000000e+00
8	0	7	0	1	0.000000e+00	1.000000e+00
9	0	0	1	0	1.000000e+00	-9.765625e-04
9	0	0	1	1	1.000000e+00	-9.765625e-04
9	0	0	0	0	0.000000e+00	1.000000e+00
9	0	0	0	1	0.000000e+00	1.000000e+00
10	0	0	1	0	1.000000e+00	-9.765625e-04
10	0	1	1	0	1.000000e+00	-9.765625e-04
10	0	2	1	0	1.000000e+00	-9.765625e-04
10	0	3	1	0	1.000000e+00	-9.765625e-04
10	0	4	1	0	1.000000e+00	-9.765625e-04
10	0	0	1	1	1.000000e+00	-9.765625e-04
10	0	1	1	1	1.000000e+00	-9.765625e-04
10	0	2	1	1	1.000000e+00	-9.765625e-04
10	0	3	1	1	1.000000e+00	-9.765625e-04
10	0	4	1	1	1.000000e+00	-9.765625e-04
11	0	0	1	0	1576962.8	-9.765625e-04
11	0	1	1	0	1576946.4	-9.765625e-04
11	0	2	1	0	1576924.4	-9.765625e-04
11	0	3	1	0	1576828.7	-9.765625e-04
11	0	4	1	0	1576978.9	-9.765625e-04
11	0	5	1	0	1576889.2	-9.765625e-04
11	0	6	1	0	1577003.0	-9.765625e-04
11	0	7	1	0	1577110.1	-9.765625e-04
99	0	0	1	0	7.3208300e+02	-8.3333300e-01
99	0	1	1	0	7.3208300e+02	-8.3333300e-01
99	0	2	1	0	7.7291600e+02	-8.3333300e-01
99	0	3	1	0	7.5791600e+02	-8.3333300e-01
99	0	4	1	0	7.6041600e+02	-8.3333300e-01
99	0	5	1	0	7.5791600e+02	-8.3333300e-01
99	0	6	1	0	7.5208300e+02	-8.3333300e-01
99	0	7	1	0	7.5208300e+02	-8.3333300e-01
99	0	8	1	0	7.5625000e+02	-8.3333300e-01
99	0	9	1	0	7.5291600e+02	-8.3333300e-01
99	0	10	1	0	7.5208300e+02	-8.3333300e-01
99	0	11	1	0	7.5291600e+02	-8.3333300e-01
99	0	12	1	0	7.4458300e+02	-8.3333300e-01
99	0	13	1	0	7.4375000e+02	-8.3333300e-01
99	0	14	1	0	7.5000000e+02	-8.3333300e-01
99	0	15	1	0	7.5000000e+02	-8.3333300e-01
99	0	16	1	0	7.5208300e+02	-8.3333300e-01
99	0	17	1	0	7.5208300e+02	-8.3333300e-01
99	0	18	1	0	7.5625000e+02	-8.3333300e-01
99	0	19	1	0	7.5291600e+02	-8.3333300e-01
99	0	20	1	0	7.5208300e+02	-8.3333300e-01
99	0	21	1	0	7.5291600e+02	-8.3333300e-01
99	0	22	1	0	7.4458300e+02	-8.3333300e-01
99	0	23	1	0	7.4375000e+02	-8.3333300e-01
99	0	24	1	0	7.5000000e+02	-8.3333300e-01
99	0	25	1	0	7.5000000e+02	-8.3333300e-01
99	0	26	1	0	7.5208300e+02	-8.3333300e-01
99	0	27	1	0	7.5208300e+02	-8.3333300e-01
99	0	28	1	0	7.5625000e+02	-8.3333300e-01
99	0	29	1	0	7.5291600e+02	-8.3333300e-01
99	0	30	1	0	7.5208300e+02	-8.3333300e-01
99	0	31	1	0	7.5291600e+02	-8.3333300e-01
